# Date [YY-MM-DD]  | Epoch[MJD] |Prediction day| xpol[as]     |  ypol[as]    |   dUT1[s]     |   dX[mas]    |    dY[mas]    |    dX_new[mas] |   dY_new[mas]  
2024-12-04 00:00:00   	60648   	0   	 0.19008364   	 0.32533880   	 0.050444841   	 0.32235   	-0.09650   	 nan     	 nan  
2024-12-05 00:00:00   	60649   	1   	 0.19010884   	 0.32475677   	 0.050768852   	 0.30070   	-0.05536   	 nan     	 nan  
2024-12-06 00:00:00   	60650   	2   	 0.18920853   	 0.32415579   	 0.050322056   	 0.34294   	-0.00250   	 nan     	 nan  
2024-12-07 00:00:00   	60651   	3   	 0.18854671   	 0.32343531   	 0.049782753   	 0.37831   	 0.02522   	 nan     	 nan  
2024-12-08 00:00:00   	60652   	4   	 0.18796668   	 0.32277027   	 0.048804283   	 0.41905   	-0.00343   	 nan     	 nan  
2024-12-09 00:00:00   	60653   	5   	 0.18644227   	 0.32152049   	 0.047956109   	 0.42645   	-0.07011   	 nan     	 nan  
2024-12-10 00:00:00   	60654   	6   	 0.18403517   	 0.32074120   	 0.047070503   	 0.43659   	-0.09909   	 nan     	 nan  
2024-12-11 00:00:00   	60655   	7   	 0.18247483   	 0.31936085   	 0.045309067   	 0.42179   	-0.12326   	 nan     	 nan  
2024-12-12 00:00:00   	60656   	8   	 0.17976066   	 0.31847992   	 0.044006348   	 0.36701   	-0.11486   	 nan     	 nan  
2024-12-13 00:00:00   	60657   	9   	 0.17810308   	 0.31702907   	 0.042549133   	 0.30931   	-0.04031   	 nan     	 nan  
2024-12-14 00:00:00   	60658   	10   	 0.17438532   	 0.31691351   	 0.041688919   	 0.33168   	-0.01833   	 nan     	 nan  
2024-12-11 00:00:00   	60655   	0   	 0.18119826   	 0.31986614   	 0.048983216   	 0.36656   	-0.09460   	 nan     	 nan  
2024-12-12 00:00:00   	60656   	1   	 0.18022514   	 0.31899447   	 0.048508346   	 0.36024   	-0.04231   	 nan     	 nan  
2024-12-13 00:00:00   	60657   	2   	 0.17827235   	 0.31813282   	 0.047802925   	 0.32968   	-0.02487   	 nan     	 nan  
2024-12-14 00:00:00   	60658   	3   	 0.17732044   	 0.31705090   	 0.047566414   	 0.32477   	-0.02556   	 nan     	 nan  
2024-12-15 00:00:00   	60659   	4   	 0.17560598   	 0.31607217   	 0.047189474   	 0.37566   	-0.00536   	 nan     	 nan  
2024-12-16 00:00:00   	60660   	5   	 0.17466754   	 0.31527571   	 0.047639370   	 0.41809   	-0.04060   	 nan     	 nan  
2024-12-17 00:00:00   	60661   	6   	 0.17271008   	 0.31462707   	 0.047958374   	 0.44243   	-0.01378   	 nan     	 nan  
2024-12-18 00:00:00   	60662   	7   	 0.17130634   	 0.31356125   	 0.047156334   	 0.44816   	-0.03715   	 nan     	 nan  
2024-12-19 00:00:00   	60663   	8   	 0.16826323   	 0.31321210   	 0.046531677   	 0.42496   	-0.04764   	 nan     	 nan  
2024-12-20 00:00:00   	60664   	9   	 0.16715898   	 0.31222437   	 0.045196533   	 0.41989   	-0.07393   	 nan     	 nan  
2024-12-21 00:00:00   	60665   	10   	 0.16511316   	 0.31243967   	 0.044580460   	 0.39936   	-0.11018   	 nan     	 nan  
2024-12-25 00:00:00   	60669   	0   	 0.16556935   	 0.31359402   	 0.048915505   	 0.30166   	-0.10866   	 nan     	 nan  
2024-12-26 00:00:00   	60670   	1   	 0.16400467   	 0.31319680   	 0.048982441   	 0.28953   	-0.06814   	 nan     	 nan  
2024-12-27 00:00:00   	60671   	2   	 0.16254031   	 0.31289322   	 0.048667669   	 0.28335   	-0.07892   	 nan     	 nan  
2024-12-28 00:00:00   	60672   	3   	 0.16092164   	 0.31239171   	 0.048666954   	 0.28432   	-0.07241   	 nan     	 nan  
2024-12-29 00:00:00   	60673   	4   	 0.15939920   	 0.31178267   	 0.048662186   	 0.28371   	-0.08285   	 nan     	 nan  
2024-12-30 00:00:00   	60674   	5   	 0.15849150   	 0.31144438   	 0.048924088   	 0.26537   	-0.03327   	 nan     	 nan  
2024-12-31 00:00:00   	60675   	6   	 0.15663010   	 0.31095926   	 0.049595833   	 0.25138   	-0.02721   	 nan     	 nan  
2025-01-01 00:00:00   	60676   	7   	 0.15598763   	 0.31066230   	 0.049174309   	 0.28117   	 0.02025   	 nan     	 nan  
2025-01-02 00:00:00   	60677   	8   	 0.15564656   	 0.31071836   	 0.048883438   	 0.33206   	 0.02877   	 nan     	 nan  
2025-01-03 00:00:00   	60678   	9   	 0.15407483   	 0.30998066   	 0.047607422   	 0.39919   	 0.04764   	 nan     	 nan  
2025-01-04 00:00:00   	60679   	10   	 0.15205225   	 0.30985631   	 0.047420502   	 0.45177   	 0.05087   	 nan     	 nan  
2025-01-01 00:00:00   	60676   	0   	 0.15761641   	 0.31189948   	 0.052144766   	 0.28051   	-0.04659   	 nan     	 nan  
2025-01-02 00:00:00   	60677   	1   	 0.15658201   	 0.31173650   	 0.052714229   	 0.30617   	 0.06067   	 nan     	 nan  
2025-01-03 00:00:00   	60678   	2   	 0.15571390   	 0.31200584   	 0.052487135   	 0.39190   	 0.07888   	 nan     	 nan  
2025-01-04 00:00:00   	60679   	3   	 0.15438611   	 0.31146264   	 0.052151680   	 0.46011   	 0.03871   	 nan     	 nan  
2025-01-05 00:00:00   	60680   	4   	 0.15326794   	 0.31164575   	 0.051533461   	 0.44002   	-0.00886   	 nan     	 nan  
2025-01-06 00:00:00   	60681   	5   	 0.15190571   	 0.31116853   	 0.050896883   	 0.43721   	-0.05286   	 nan     	 nan  
2025-01-07 00:00:00   	60682   	6   	 0.14944500   	 0.31090178   	 0.050507545   	 0.40453   	-0.07276   	 nan     	 nan  
2025-01-08 00:00:00   	60683   	7   	 0.14825163   	 0.31068216   	 0.049256325   	 0.41182   	-0.07715   	 nan     	 nan  
2025-01-09 00:00:00   	60684   	8   	 0.14783986   	 0.31076063   	 0.048509598   	 0.43123   	-0.06764   	 nan     	 nan  
2025-01-10 00:00:00   	60685   	9   	 0.14599263   	 0.31083527   	 0.047546387   	 0.38242   	-0.06294   	 nan     	 nan  
2025-01-11 00:00:00   	60686   	10   	 0.14469811   	 0.30980383   	 0.047019958   	 0.35951   	-0.04644   	 nan     	 nan  
2025-01-08 00:00:00   	60683   	0   	 0.13661321   	 0.30573596   	 0.042851925   	 0.35041   	-0.06070   	 nan     	 nan  
2025-01-09 00:00:00   	60684   	1   	 0.13446887   	 0.30550878   	 0.042344749   	 0.41466   	 0.02868   	 nan     	 nan  
2025-01-10 00:00:00   	60685   	2   	 0.13218416   	 0.30586407   	 0.041645288   	 0.36345   	 0.02146   	 nan     	 nan  
2025-01-11 00:00:00   	60686   	3   	 0.13005175   	 0.30527531   	 0.041315079   	 0.30783   	-0.01856   	 nan     	 nan  
2025-01-12 00:00:00   	60687   	4   	 0.12833136   	 0.30517554   	 0.040754318   	 0.25969   	-0.04423   	 nan     	 nan  
2025-01-13 00:00:00   	60688   	5   	 0.12712431   	 0.30523183   	 0.040977001   	 0.29896   	-0.05976   	 nan     	 nan  
2025-01-14 00:00:00   	60689   	6   	 0.12551512   	 0.30518900   	 0.041048050   	 0.33224   	-0.04014   	 nan     	 nan  
2025-01-15 00:00:00   	60690   	7   	 0.12448698   	 0.30468138   	 0.039966106   	 0.36774   	-0.05171   	 nan     	 nan  
2025-01-16 00:00:00   	60691   	8   	 0.12457897   	 0.30486418   	 0.038902283   	 0.39776   	-0.09427   	 nan     	 nan  
2025-01-17 00:00:00   	60692   	9   	 0.12231321   	 0.30577960   	 0.037193298   	 0.38323   	-0.14119   	 nan     	 nan  
2025-01-18 00:00:00   	60693   	10   	 0.12235440   	 0.30551033   	 0.036430359   	 0.39910   	-0.21166   	 nan     	 nan  
2025-01-15 00:00:00   	60690   	0   	 0.12255470   	 0.30325096   	 0.044033170   	 0.33214   	-0.08766   	 nan     	 nan  
2025-01-16 00:00:00   	60691   	1   	 0.12143943   	 0.30359754   	 0.044104218   	 0.41481   	-0.04382   	 nan     	 nan  
2025-01-17 00:00:00   	60692   	2   	 0.12134272   	 0.30413311   	 0.043329954   	 0.39411   	-0.11225   	 nan     	 nan  
2025-01-18 00:00:00   	60693   	3   	 0.12022097   	 0.30440110   	 0.042662621   	 0.38989   	-0.18256   	 nan     	 nan  
2025-01-19 00:00:00   	60694   	4   	 0.11910826   	 0.30478129   	 0.041735172   	 0.34505   	-0.21105   	 nan     	 nan  
2025-01-20 00:00:00   	60695   	5   	 0.11782265   	 0.30420312   	 0.041341066   	 0.32854   	-0.21171   	 nan     	 nan  
2025-01-21 00:00:00   	60696   	6   	 0.11545042   	 0.30390848   	 0.040485382   	 0.32119   	-0.16621   	 nan     	 nan  
2025-01-22 00:00:00   	60697   	7   	 0.11338040   	 0.30296375   	 0.039403439   	 0.29483   	-0.14949   	 nan     	 nan  
2025-01-23 00:00:00   	60698   	8   	 0.11080365   	 0.30218052   	 0.038919449   	 0.28119   	-0.11316   	 nan     	 nan  
2025-01-24 00:00:00   	60699   	9   	 0.10665149   	 0.30222171   	 0.037948608   	 0.31188   	-0.12975   	 nan     	 nan  
2025-01-25 00:00:00   	60700   	10   	 0.10400896   	 0.30045646   	 0.037030220   	 0.34520   	-0.11877   	 nan     	 nan  
2025-01-22 00:00:00   	60697   	0   	 0.12034896   	 0.30373940   	 0.043964267   	 0.28669   	-0.15671   	 nan     	 nan  
2025-01-23 00:00:00   	60698   	1   	 0.11801080   	 0.30341036   	 0.044172764   	 0.30088   	-0.08679   	 nan     	 nan  
2025-01-24 00:00:00   	60699   	2   	 0.11494775   	 0.30281124   	 0.044015646   	 0.31454   	-0.06094   	 nan     	 nan  
2025-01-25 00:00:00   	60700   	3   	 0.11309946   	 0.30267156   	 0.044099808   	 0.34532   	-0.07299   	 nan     	 nan  
2025-01-26 00:00:00   	60701   	4   	 0.11100376   	 0.30246529   	 0.044227600   	 0.35539   	-0.11149   	 nan     	 nan  
2025-01-27 00:00:00   	60702   	5   	 0.11091239   	 0.30262438   	 0.044629574   	 0.36670   	-0.08874   	 nan     	 nan  
2025-01-28 00:00:00   	60703   	6   	 0.11063302   	 0.30301288   	 0.045245171   	 0.39190   	-0.11033   	 nan     	 nan  
2025-01-29 00:00:00   	60704   	7   	 0.11106301   	 0.30287752   	 0.044763088   	 0.36515   	-0.13444   	 nan     	 nan  
2025-01-30 00:00:00   	60705   	8   	 0.11272021   	 0.30403246   	 0.044378281   	 0.33593   	-0.14673   	 nan     	 nan  
2025-01-31 00:00:00   	60706   	9   	 0.11324096   	 0.30399689   	 0.042755127   	 0.30038   	-0.19337   	 nan     	 nan  
2025-02-01 00:00:00   	60707   	10   	 0.11460301   	 0.30396953   	 0.042328835   	 0.23084   	-0.20983   	 nan     	 nan  
2025-01-29 00:00:00   	60704   	0   	 0.10821280   	 0.30629007   	 0.047874808   	 0.36124   	-0.16523   	 nan     	 nan  
2025-01-30 00:00:00   	60705   	1   	 0.10729612   	 0.30577930   	 0.048126936   	 0.41386   	-0.10857   	 nan     	 nan  
2025-01-31 00:00:00   	60706   	2   	 0.10663124   	 0.30513013   	 0.047547579   	 0.35245   	-0.14102   	 nan     	 nan  
2025-02-01 00:00:00   	60707   	3   	 0.10638559   	 0.30511575   	 0.046884537   	 0.24464   	-0.18931   	 nan     	 nan  
2025-02-02 00:00:00   	60708   	4   	 0.10536400   	 0.30514007   	 0.045856714   	 0.19767   	-0.26866   	 nan     	 nan  
2025-02-03 00:00:00   	60709   	5   	 0.10314066   	 0.30565643   	 0.044943810   	 0.22363   	-0.26065   	 nan     	 nan  
2025-02-04 00:00:00   	60710   	6   	 0.10229356   	 0.30551055   	 0.044380665   	 0.27419   	-0.22648   	 nan     	 nan  
2025-02-05 00:00:00   	60711   	7   	 0.10064924   	 0.30631187   	 0.043142319   	 0.35123   	-0.16933   	 nan     	 nan  
2025-02-06 00:00:00   	60712   	8   	 0.09841168   	 0.30774741   	 0.042554855   	 0.36587   	-0.13350   	 nan     	 nan  
2025-02-07 00:00:00   	60713   	9   	 0.09725677   	 0.30848049   	 0.041641235   	 0.30949   	-0.06393   	 nan     	 nan  
2025-02-08 00:00:00   	60714   	10   	 0.09321766   	 0.30817517   	 0.041057587   	 0.29999   	-0.02631   	 nan     	 nan  
2025-02-05 00:00:00   	60711   	0   	 0.09555231   	 0.30989543   	 0.045258284   	 0.28577   	-0.16370   	 nan     	 nan  
2025-02-06 00:00:00   	60712   	1   	 0.09476932   	 0.31045603   	 0.045253873   	 0.38035   	-0.05965   	 nan     	 nan  
2025-02-07 00:00:00   	60713   	2   	 0.09460990   	 0.31064569   	 0.044975996   	 0.30286   	-0.03096   	 nan     	 nan  
2025-02-08 00:00:00   	60714   	3   	 0.09367880   	 0.31106620   	 0.045055389   	 0.25821   	-0.02012   	 nan     	 nan  
2025-02-09 00:00:00   	60715   	4   	 0.09270620   	 0.31178488   	 0.045031071   	 0.18506   	-0.04595   	 nan     	 nan  
2025-02-10 00:00:00   	60716   	5   	 0.09138384   	 0.31156906   	 0.045401573   	 0.23076   	-0.07930   	 nan     	 nan  
2025-02-11 00:00:00   	60717   	6   	 0.08893439   	 0.31190464   	 0.045803547   	 0.21882   	-0.09533   	 nan     	 nan  
2025-02-12 00:00:00   	60718   	7   	 0.08583569   	 0.31211240   	 0.044872284   	 0.26535   	-0.12766   	 nan     	 nan  
2025-02-13 00:00:00   	60719   	8   	 0.08543185   	 0.31208239   	 0.044034958   	 0.24824   	-0.16478   	 nan     	 nan  
2025-02-14 00:00:00   	60720   	9   	 0.08216487   	 0.31294285   	 0.042716980   	 0.24125   	-0.14670   	 nan     	 nan  
2025-02-15 00:00:00   	60721   	10   	 0.07730414   	 0.31260936   	 0.042449951   	 0.24078   	-0.15965   	 nan     	 nan  
2025-02-12 00:00:00   	60718   	0   	 0.08263982   	 0.31263225   	 0.047031522   	 0.23108   	-0.13694   	 nan     	 nan  
2025-02-13 00:00:00   	60719   	1   	 0.08045325   	 0.31375070   	 0.046811640   	 0.29036   	-0.10296   	 nan     	 nan  
2025-02-14 00:00:00   	60720   	2   	 0.07863437   	 0.31441684   	 0.045834303   	 0.29558   	-0.11640   	 nan     	 nan  
2025-02-15 00:00:00   	60721   	3   	 0.07596376   	 0.31491812   	 0.045125961   	 0.24073   	-0.14470   	 nan     	 nan  
2025-02-16 00:00:00   	60722   	4   	 0.07423708   	 0.31533285   	 0.043955564   	 0.18563   	-0.12695   	 nan     	 nan  
2025-02-17 00:00:00   	60723   	5   	 0.07254343   	 0.31496103   	 0.043661118   	 0.19183   	-0.11337   	 nan     	 nan  
2025-02-18 00:00:00   	60724   	6   	 0.07141251   	 0.31542496   	 0.043008804   	 0.14708   	-0.07642   	 nan     	 nan  
2025-02-19 00:00:00   	60725   	7   	 0.07023013   	 0.31501045   	 0.041728020   	 0.16070   	-0.07248   	 nan     	 nan  
2025-02-20 00:00:00   	60726   	8   	 0.07157868   	 0.31491774   	 0.041467667   	 0.13863   	-0.06226   	 nan     	 nan  
2025-02-21 00:00:00   	60727   	9   	 0.06990593   	 0.31543226   	 0.040481567   	 0.16652   	-0.10455   	 nan     	 nan  
2025-02-22 00:00:00   	60728   	10   	 0.06939679   	 0.31560278   	 0.040209770   	 0.21459   	-0.11388   	 nan     	 nan  
2025-02-19 00:00:00   	60725   	0   	 0.07769325   	 0.31873424   	 0.045354247   	 0.17895   	-0.11054   	 nan     	 nan  
2025-02-20 00:00:00   	60726   	1   	 0.07413592   	 0.31878900   	 0.045644641   	 0.22181   	-0.03820   	 nan     	 nan  
2025-02-21 00:00:00   	60727   	2   	 0.07070606   	 0.31864655   	 0.045539379   	 0.19791   	-0.02450   	 nan     	 nan  
2025-02-22 00:00:00   	60728   	3   	 0.06760272   	 0.31893865   	 0.045715332   	 0.23223   	-0.04579   	 nan     	 nan  
2025-02-23 00:00:00   	60729   	4   	 0.06592800   	 0.31940307   	 0.045841694   	 0.21535   	-0.06617   	 nan     	 nan  
2025-02-24 00:00:00   	60730   	5   	 0.06491360   	 0.31996689   	 0.046232700   	 0.24105   	-0.08496   	 nan     	 nan  
2025-02-25 00:00:00   	60731   	6   	 0.06454299   	 0.32084847   	 0.046453953   	 0.24418   	-0.10011   	 nan     	 nan  
2025-02-26 00:00:00   	60732   	7   	 0.06393122   	 0.32194984   	 0.045611382   	 0.28942   	-0.08245   	 nan     	 nan  
2025-02-27 00:00:00   	60733   	8   	 0.06481954   	 0.32339007   	 0.044565201   	 0.29532   	-0.08032   	 nan     	 nan  
2025-02-28 00:00:00   	60734   	9   	 0.06497859   	 0.32491062   	 0.042373657   	 0.37776   	-0.09859   	 nan     	 nan  
2025-03-01 00:00:00   	60735   	10   	 0.06484004   	 0.32555404   	 0.042044640   	 0.45070   	-0.09782   	 nan     	 nan  
2025-02-26 00:00:00   	60732   	0   	 0.06960268   	 0.32368645   	 0.047368854   	 0.23459   	-0.08676   	 nan     	 nan  
2025-02-27 00:00:00   	60733   	1   	 0.06860178   	 0.32437748   	 0.047207266   	 0.32399   	 0.01063   	 nan     	 nan  
2025-02-28 00:00:00   	60734   	2   	 0.06814075   	 0.32514976   	 0.046211454   	 0.39079   	-0.00763   	 nan     	 nan  
2025-03-01 00:00:00   	60735   	3   	 0.06777221   	 0.32589233   	 0.045234859   	 0.43689   	-0.03501   	 nan     	 nan  
2025-03-02 00:00:00   	60736   	4   	 0.06685525   	 0.32655126   	 0.043888569   	 0.43348   	-0.09209   	 nan     	 nan  
2025-03-03 00:00:00   	60737   	5   	 0.06622869   	 0.32711206   	 0.043035746   	 0.40966   	-0.13114   	 nan     	 nan  
2025-03-04 00:00:00   	60738   	6   	 0.06440734   	 0.32728750   	 0.042380154   	 0.35631   	-0.13391   	 nan     	 nan  
2025-03-05 00:00:00   	60739   	7   	 0.06403376   	 0.32771622   	 0.041432261   	 0.33176   	-0.15259   	 nan     	 nan  
2025-03-06 00:00:00   	60740   	8   	 0.06301213   	 0.32857612   	 0.041157722   	 0.32151   	-0.15932   	 nan     	 nan  
2025-03-07 00:00:00   	60741   	9   	 0.06112824   	 0.32964676   	 0.039969742   	 0.31003   	-0.12593   	 nan     	 nan  
2025-03-08 00:00:00   	60742   	10   	 0.06138955   	 0.32980564   	 0.039462328   	 0.30613   	-0.11109   	 nan     	 nan  
2025-03-12 00:00:00   	60746   	0   	 0.06367553   	 0.34177569   	 0.044015646   	 0.28734   	-0.19338   	 nan     	 nan  
2025-03-13 00:00:00   	60747   	1   	 0.06304529   	 0.34245984   	 0.043680668   	 0.41449   	-0.18579   	 nan     	 nan  
2025-03-14 00:00:00   	60748   	2   	 0.06261481   	 0.34277118   	 0.042685986   	 0.39073   	-0.18486   	 nan     	 nan  
2025-03-15 00:00:00   	60749   	3   	 0.06224041   	 0.34311320   	 0.041896820   	 0.34089   	-0.19620   	 nan     	 nan  
2025-03-16 00:00:00   	60750   	4   	 0.06197707   	 0.34405369   	 0.040743351   	 0.28045   	-0.20605   	 nan     	 nan  
2025-03-17 00:00:00   	60751   	5   	 0.06113498   	 0.34478247   	 0.040614009   	 0.30179   	-0.24956   	 nan     	 nan  
2025-03-18 00:00:00   	60752   	6   	 0.06002657   	 0.34652761   	 0.040135384   	 0.25420   	-0.25893   	 nan     	 nan  
2025-03-19 00:00:00   	60753   	7   	 0.06056187   	 0.34798374   	 0.039100170   	 0.26579   	-0.25883   	 nan     	 nan  
2025-03-20 00:00:00   	60754   	8   	 0.06011957   	 0.34968462   	 0.038959503   	 0.23617   	-0.20441   	 nan     	 nan  
2025-03-21 00:00:00   	60755   	9   	 0.06126590   	 0.35266869   	 0.038215637   	 0.23132   	-0.19715   	 nan     	 nan  
2025-03-22 00:00:00   	60756   	10   	 0.05661149   	 0.35331813   	 0.037730217   	 0.25980   	-0.15110   	 nan     	 nan  
2025-03-19 00:00:00   	60753   	0   	 0.06051587   	 0.35535708   	 0.041544199   	 0.28388   	-0.18124   	 nan     	 nan  
2025-03-20 00:00:00   	60754   	1   	 0.05978707   	 0.35698418   	 0.041709185   	 0.33818   	-0.16925   	 nan     	 nan  
2025-03-21 00:00:00   	60755   	2   	 0.05850971   	 0.35843169   	 0.041422844   	 0.30901   	-0.11586   	 nan     	 nan  
2025-03-22 00:00:00   	60756   	3   	 0.05784590   	 0.35984986   	 0.041337967   	 0.25279   	-0.07951   	 nan     	 nan  
2025-03-23 00:00:00   	60757   	4   	 0.05733540   	 0.36174355   	 0.041069746   	 0.19998   	-0.08341   	 nan     	 nan  
2025-03-24 00:00:00   	60758   	5   	 0.05720914   	 0.36280000   	 0.041181087   	 0.22566   	-0.04943   	 nan     	 nan  
2025-03-25 00:00:00   	60759   	6   	 0.05638418   	 0.36469372   	 0.041042328   	 0.18699   	-0.06364   	 nan     	 nan  
2025-03-26 00:00:00   	60760   	7   	 0.05658034   	 0.36635506   	 0.039776325   	 0.24308   	-0.05833   	 nan     	 nan  
2025-03-27 00:00:00   	60761   	8   	 0.05769621   	 0.36779242   	 0.038414001   	 0.22481   	-0.07872   	 nan     	 nan  
2025-03-28 00:00:00   	60762   	9   	 0.05797470   	 0.37068315   	 0.036109924   	 0.30199   	-0.06641   	 nan     	 nan  
2025-03-29 00:00:00   	60763   	10   	 0.05711096   	 0.37160128   	 0.035066605   	 0.32140   	-0.06463   	 nan     	 nan  
2025-03-26 00:00:00   	60760   	0   	 0.05776401   	 0.36588153   	 0.041774392   	 0.17115   	-0.07570   	 nan     	 nan  
2025-03-27 00:00:00   	60761   	1   	 0.05687145   	 0.36852532   	 0.041248798   	 0.28590   	 0.00785   	 nan     	 nan  
2025-03-28 00:00:00   	60762   	2   	 0.05555182   	 0.37088304   	 0.039944649   	 0.34000   	-0.03378   	 nan     	 nan  
2025-03-29 00:00:00   	60763   	3   	 0.05492853   	 0.37355310   	 0.038727760   	 0.33950   	-0.07175   	 nan     	 nan  
2025-03-30 00:00:00   	60764   	4   	 0.05431541   	 0.37548352   	 0.037265301   	 0.31612   	-0.11380   	 nan     	 nan  
2025-03-31 00:00:00   	60765   	5   	 0.05443614   	 0.37671238   	 0.036314011   	 0.30305   	-0.13422   	 nan     	 nan  
2025-04-01 00:00:00   	60766   	6   	 0.05447925   	 0.37828132   	 0.035740376   	 0.25786   	-0.14454   	 nan     	 nan  
2025-04-02 00:00:00   	60767   	7   	 0.05393939   	 0.37872831   	 0.034859180   	 0.21403   	-0.17273   	 nan     	 nan  
2025-04-03 00:00:00   	60768   	8   	 0.05562018   	 0.37894138   	 0.034549713   	 0.19997   	-0.15580   	 nan     	 nan  
2025-04-04 00:00:00   	60769   	9   	 0.05485006   	 0.38050454   	 0.033615112   	 0.20354   	-0.12063   	 nan     	 nan  
2025-04-05 00:00:00   	60770   	10   	 0.05656281   	 0.38038367   	 0.032891273   	 0.20374   	-0.12067   	 nan     	 nan  
2025-04-02 00:00:00   	60767   	0   	 0.05774719   	 0.37807311   	 0.036475420   	 0.20317   	-0.15116   	 nan     	 nan  
2025-04-03 00:00:00   	60768   	1   	 0.05708253   	 0.37987573   	 0.036476552   	 0.31935   	-0.13932   	 nan     	 nan  
2025-04-04 00:00:00   	60769   	2   	 0.05504880   	 0.38126194   	 0.036110401   	 0.27001   	-0.12717   	 nan     	 nan  
2025-04-05 00:00:00   	60770   	3   	 0.05465362   	 0.38306485   	 0.035854340   	 0.23387   	-0.11747   	 nan     	 nan  
2025-04-06 00:00:00   	60771   	4   	 0.05492146   	 0.38476384   	 0.035384417   	 0.20511   	-0.12478   	 nan     	 nan  
2025-04-07 00:00:00   	60772   	5   	 0.05417563   	 0.38617640   	 0.035102367   	 0.23172   	-0.17600   	 nan     	 nan  
2025-04-08 00:00:00   	60773   	6   	 0.05464263   	 0.38803343   	 0.034857750   	 0.26558   	-0.18994   	 nan     	 nan  
2025-04-09 00:00:00   	60774   	7   	 0.05630528   	 0.38921660   	 0.033420086   	 0.26922   	-0.20287   	 nan     	 nan  
2025-04-10 00:00:00   	60775   	8   	 0.05597332   	 0.39121983   	 0.031850815   	 0.22496   	-0.19346   	 nan     	 nan  
2025-04-11 00:00:00   	60776   	9   	 0.05616213   	 0.39283042   	 0.029998779   	 0.24466   	-0.16121   	 nan     	 nan  
2025-04-12 00:00:00   	60777   	10   	 0.05590515   	 0.39340469   	 0.029270172   	 0.24319   	-0.15143   	 nan     	 nan  
2025-04-09 00:00:00   	60774   	0   	 0.06383907   	 0.38935358   	 0.036314130   	 0.24100   	-0.19077   	 nan     	 nan  
2025-04-10 00:00:00   	60775   	1   	 0.06380798   	 0.39087166   	 0.035642505   	 0.34926   	-0.20357   	 nan     	 nan  
2025-04-11 00:00:00   	60776   	2   	 0.06240523   	 0.39222983   	 0.034440041   	 0.30507   	-0.15246   	 nan     	 nan  
2025-04-12 00:00:00   	60777   	3   	 0.06261849   	 0.39373994   	 0.033496857   	 0.28291   	-0.11032   	 nan     	 nan  
2025-04-13 00:00:00   	60778   	4   	 0.06290263   	 0.39575498   	 0.031970501   	 0.26372   	-0.06435   	 nan     	 nan  
2025-04-14 00:00:00   	60779   	5   	 0.06328413   	 0.39647598   	 0.031713724   	 0.31668   	-0.09194   	 nan     	 nan  
2025-04-15 00:00:00   	60780   	6   	 0.06361450   	 0.39844110   	 0.031051636   	 0.31217   	-0.07692   	 nan     	 nan  
2025-04-16 00:00:00   	60781   	7   	 0.06449180   	 0.40017836   	 0.029732227   	 0.34136   	-0.04209   	 nan     	 nan  
2025-04-17 00:00:00   	60782   	8   	 0.06480325   	 0.40176112   	 0.029401779   	 0.26512   	 0.08090   	 nan     	 nan  
2025-04-18 00:00:00   	60783   	9   	 0.06597335   	 0.40372544   	 0.028343201   	 0.22014   	 0.15900   	 nan     	 nan  
2025-04-19 00:00:00   	60784   	10   	 0.06494988   	 0.40445345   	 0.027606010   	 0.16927   	 0.24908   	 nan     	 nan  
2025-04-16 00:00:00   	60781   	0   	 0.06957512   	 0.39860111   	 0.033143640   	 0.27160   	-0.03810   	 nan     	 nan  
2025-04-17 00:00:00   	60782   	1   	 0.07053369   	 0.40009788   	 0.033283710   	 0.34141   	 0.08108   	 nan     	 nan  
2025-04-18 00:00:00   	60783   	2   	 0.07109523   	 0.40183443   	 0.032969236   	 0.28011   	 0.18322   	 nan     	 nan  
2025-04-19 00:00:00   	60784   	3   	 0.07195572   	 0.40344693   	 0.032832146   	 0.18515   	 0.25571   	 nan     	 nan  
2025-04-20 00:00:00   	60785   	4   	 0.07265204   	 0.40549081   	 0.032544374   	 0.13131   	 0.22257   	 nan     	 nan  
2025-04-21 00:00:00   	60786   	5   	 0.07281164   	 0.40641890   	 0.032553315   	 0.20289   	 0.12732   	 nan     	 nan  
2025-04-22 00:00:00   	60787   	6   	 0.07309084   	 0.40776679   	 0.032164574   	 0.27317   	 0.01393   	 nan     	 nan  
2025-04-23 00:00:00   	60788   	7   	 0.07460558   	 0.40972680   	 0.030806541   	 0.32098   	-0.06520   	 nan     	 nan  
2025-04-24 00:00:00   	60789   	8   	 0.07400630   	 0.41013332   	 0.029293060   	 0.27840   	-0.08506   	 nan     	 nan  
2025-04-25 00:00:00   	60790   	9   	 0.07480159   	 0.41161423   	 0.026977539   	 0.24176   	-0.06750   	 nan     	 nan  
2025-04-26 00:00:00   	60791   	10   	 0.07284434   	 0.41224276   	 0.025891304   	 0.26002   	-0.00220   	 nan     	 nan  
2025-04-23 00:00:00   	60788   	0   	 0.07693540   	 0.40777557   	 0.033879042   	 0.22303   	-0.02657   	 nan     	 nan  
2025-04-24 00:00:00   	60789   	1   	 0.07787434   	 0.40891592   	 0.033293784   	 0.36551   	-0.00367   	 nan     	 nan  
2025-04-25 00:00:00   	60790   	2   	 0.07847261   	 0.41010087   	 0.032021046   	 0.31394   	-0.00606   	 nan     	 nan  
2025-04-26 00:00:00   	60791   	3   	 0.07888775   	 0.41140291   	 0.030871391   	 0.22726   	-0.01227   	 nan     	 nan  
2025-04-27 00:00:00   	60792   	4   	 0.07994265   	 0.41250110   	 0.029480934   	 0.16904   	 0.01492   	 nan     	 nan  
2025-04-28 00:00:00   	60793   	5   	 0.08128104   	 0.41411301   	 0.028753638   	 0.22660   	 0.03722   	 nan     	 nan  
2025-04-29 00:00:00   	60794   	6   	 0.08187420   	 0.41554493   	 0.028314590   	 0.26882   	 0.05844   	 nan     	 nan  
2025-04-30 00:00:00   	60795   	7   	 0.08363033   	 0.41708696   	 0.027749062   	 0.31214   	 0.05248   	 nan     	 nan  
2025-05-01 00:00:00   	60796   	8   	 0.08370461   	 0.41842967   	 0.027751923   	 0.30599   	 0.00150   	 nan     	 nan  
2025-05-02 00:00:00   	60797   	9   	 0.08519611   	 0.41999021   	 0.026741028   	 0.29845   	-0.03542   	 nan     	 nan  
2025-05-03 00:00:00   	60798   	10   	 0.08490713   	 0.42117498   	 0.026050568   	 0.31812   	-0.09993   	 nan     	 nan  
2025-04-30 00:00:00   	60795   	0   	 0.08486527   	 0.41616289   	 0.029433966   	 0.25913   	 0.01009   	 nan     	 nan  
2025-05-01 00:00:00   	60796   	1   	 0.08575555   	 0.41708438   	 0.029593050   	 0.42529   	 0.02691   	 nan     	 nan  
2025-05-02 00:00:00   	60797   	2   	 0.08620022   	 0.41834538   	 0.029317141   	 0.38008   	-0.05499   	 nan     	 nan  
2025-05-03 00:00:00   	60798   	3   	 0.08617990   	 0.41944762   	 0.029029846   	 0.32392   	-0.09520   	 nan     	 nan  
2025-05-04 00:00:00   	60799   	4   	 0.08725366   	 0.42039729   	 0.028485060   	 0.24735   	-0.15386   	 nan     	 nan  
2025-05-05 00:00:00   	60800   	5   	 0.08882254   	 0.42167548   	 0.027921915   	 0.26910   	-0.16718   	 nan     	 nan  
2025-05-06 00:00:00   	60801   	6   	 0.08855344   	 0.42278215   	 0.027455330   	 0.28333   	-0.18163   	 nan     	 nan  
2025-05-07 00:00:00   	60802   	7   	 0.09090412   	 0.42369407   	 0.025860310   	 0.29232   	-0.16497   	 nan     	 nan  
2025-05-08 00:00:00   	60803   	8   	 0.09116410   	 0.42548895   	 0.024209976   	 0.26623   	-0.14352   	 nan     	 nan  
2025-05-09 00:00:00   	60804   	9   	 0.09119380   	 0.42730554   	 0.022216797   	 0.29465   	-0.15936   	 nan     	 nan  
2025-05-10 00:00:00   	60805   	10   	 0.09277798   	 0.42759918   	 0.021475792   	 0.30319   	-0.12707   	 nan     	 nan  
2025-05-07 00:00:00   	60802   	0   	 0.09050175   	 0.42347801   	 0.029556274   	 0.26005   	-0.11560   	 nan     	 nan  
2025-05-08 00:00:00   	60803   	1   	 0.09167546   	 0.42463199   	 0.029090703   	 0.38908   	-0.17103   	 nan     	 nan  
2025-05-09 00:00:00   	60804   	2   	 0.09222237   	 0.42593555   	 0.028159857   	 0.38095   	-0.14615   	 nan     	 nan  
2025-05-10 00:00:00   	60805   	3   	 0.09309748   	 0.42657429   	 0.027508736   	 0.32260   	-0.13792   	 nan     	 nan  
2025-05-11 00:00:00   	60806   	4   	 0.09383262   	 0.42745650   	 0.026406288   	 0.27709   	-0.10545   	 nan     	 nan  
2025-05-12 00:00:00   	60807   	5   	 0.09535869   	 0.42823283   	 0.026428580   	 0.27776   	-0.09696   	 nan     	 nan  
2025-05-13 00:00:00   	60808   	6   	 0.09541313   	 0.42919028   	 0.026202679   	 0.23587   	-0.06136   	 nan     	 nan  
2025-05-14 00:00:00   	60809   	7   	 0.09545534   	 0.42932110   	 0.025391102   	 0.20729   	-0.03506   	 nan     	 nan  
2025-05-15 00:00:00   	60810   	8   	 0.09701801   	 0.43065656   	 0.025428772   	 0.12679   	-0.00546   	 nan     	 nan  
2025-05-16 00:00:00   	60811   	9   	 0.09720483   	 0.43212920   	 0.024826050   	 0.14300   	 0.00199   	 nan     	 nan  
2025-05-17 00:00:00   	60812   	10   	 0.09937789   	 0.43271695   	 0.024336815   	 0.12098   	 0.03028   	 nan     	 nan  
2025-05-14 00:00:00   	60809   	0   	 0.09851678   	 0.42780605   	 0.028664589   	 0.14624   	-0.00870   	 nan     	 nan  
2025-05-15 00:00:00   	60810   	1   	 0.09874455   	 0.42861591   	 0.029065847   	 0.19119   	-0.00266   	 nan     	 nan  
2025-05-16 00:00:00   	60811   	2   	 0.09912563   	 0.42946705   	 0.028983831   	 0.15503   	 0.05252   	 nan     	 nan  
2025-05-17 00:00:00   	60812   	3   	 0.09958380   	 0.42996403   	 0.029011726   	 0.11600   	 0.05208   	 nan     	 nan  
2025-05-18 00:00:00   	60813   	4   	 0.10035419   	 0.43062922   	 0.028831005   	 0.05079   	 0.06967   	 nan     	 nan  
2025-05-19 00:00:00   	60814   	5   	 0.10169180   	 0.43129927   	 0.028933644   	 0.09613   	 0.00686   	 nan     	 nan  
2025-05-20 00:00:00   	60815   	6   	 0.10253056   	 0.43183515   	 0.028689384   	 0.09565   	 0.02372   	 nan     	 nan  
2025-05-21 00:00:00   	60816   	7   	 0.10471975   	 0.43190325   	 0.027205944   	 0.12877   	-0.00487   	 nan     	 nan  
2025-05-22 00:00:00   	60817   	8   	 0.10542338   	 0.43247712   	 0.025928497   	 0.14636   	 0.00013   	 nan     	 nan  
2025-05-23 00:00:00   	60818   	9   	 0.10591157   	 0.43321791   	 0.023757935   	 0.20983   	 0.02430   	 nan     	 nan  
2025-05-24 00:00:00   	60819   	10   	 0.10671713   	 0.43364895   	 0.022834778   	 0.28428   	 0.03311   	 nan     	 nan  
2025-05-21 00:00:00   	60816   	0   	 0.10497187   	 0.43269523   	 0.030090690   	 0.15787   	 0.02067   	 nan     	 nan  
2025-05-22 00:00:00   	60817   	1   	 0.10574152   	 0.43307392   	 0.029592752   	 0.27183   	 0.04045   	 nan     	 nan  
2025-05-23 00:00:00   	60818   	2   	 0.10652845   	 0.43357937   	 0.028441191   	 0.30333   	 0.00543   	 nan     	 nan  
2025-05-24 00:00:00   	60819   	3   	 0.10712158   	 0.43408943   	 0.027472496   	 0.32285   	 0.00690   	 nan     	 nan  
2025-05-25 00:00:00   	60820   	4   	 0.10732065   	 0.43444102   	 0.026343346   	 0.28973   	-0.01185   	 nan     	 nan  
2025-05-26 00:00:00   	60821   	5   	 0.10826935   	 0.43508107   	 0.025833130   	 0.28729   	 0.00511   	 nan     	 nan  
2025-05-27 00:00:00   	60822   	6   	 0.10978546   	 0.43560072   	 0.025585651   	 0.24254   	 0.05632   	 nan     	 nan  
2025-05-28 00:00:00   	60823   	7   	 0.11138539   	 0.43556863   	 0.025146008   	 0.23530   	 0.00360   	 nan     	 nan  
2025-05-29 00:00:00   	60824   	8   	 0.11224361   	 0.43608675   	 0.025136948   	 0.23088   	-0.03019   	 nan     	 nan  
2025-05-30 00:00:00   	60825   	9   	 0.11166080   	 0.43657449   	 0.024177551   	 0.24674   	-0.06900   	 nan     	 nan  
2025-05-31 00:00:00   	60826   	10   	 0.11376516   	 0.43688659   	 0.023510933   	 0.28392   	-0.08271   	 nan     	 nan  
2025-05-28 00:00:00   	60823   	0   	 0.11129859   	 0.43771526   	 0.027541399   	 0.21079   	-0.01127   	 nan     	 nan  
2025-05-29 00:00:00   	60824   	1   	 0.11183751   	 0.43813238   	 0.027970195   	 0.38290   	-0.03787   	 nan     	 nan  
2025-05-30 00:00:00   	60825   	2   	 0.11278691   	 0.43858264   	 0.027849197   	 0.34422   	-0.10906   	 nan     	 nan  
2025-05-31 00:00:00   	60826   	3   	 0.11386305   	 0.43913723   	 0.027709961   	 0.32224   	-0.12933   	 nan     	 nan  
2025-06-01 00:00:00   	60827   	4   	 0.11384368   	 0.43956212   	 0.027340174   	 0.26681   	-0.17386   	 nan     	 nan  
2025-06-02 00:00:00   	60828   	5   	 0.11498972   	 0.44011561   	 0.026931763   	 0.26602   	-0.13532   	 nan     	 nan  
2025-06-03 00:00:00   	60829   	6   	 0.11667277   	 0.44054508   	 0.026557922   	 0.24079   	-0.09551   	 nan     	 nan  
2025-06-04 00:00:00   	60830   	7   	 0.11796753   	 0.44103570   	 0.025310993   	 0.23384   	-0.07190   	 nan     	 nan  
2025-06-05 00:00:00   	60831   	8   	 0.11804462   	 0.44197976   	 0.024110794   	 0.17447   	-0.06623   	 nan     	 nan  
2025-06-06 00:00:00   	60832   	9   	 0.11764314   	 0.44210004   	 0.022491455   	 0.21269   	-0.09416   	 nan     	 nan  
2025-06-07 00:00:00   	60833   	10   	 0.12044254   	 0.44219364   	 0.022104263   	 0.16730   	-0.13187   	 nan     	 nan  
2025-06-04 00:00:00   	60830   	0   	 0.11674685   	 0.43895557   	 0.028696060   	 0.15468   	-0.04609   	 nan     	 nan  
2025-06-05 00:00:00   	60831   	1   	 0.11739242   	 0.43960489   	 0.028544426   	 0.23894   	-0.10470   	 nan     	 nan  
2025-06-06 00:00:00   	60832   	2   	 0.11790896   	 0.43997978   	 0.027957439   	 0.22064   	-0.07633   	 nan     	 nan  
2025-06-07 00:00:00   	60833   	3   	 0.11865796   	 0.44031386   	 0.027668953   	 0.16541   	-0.08786   	 nan     	 nan  
2025-06-08 00:00:00   	60834   	4   	 0.11826592   	 0.44053221   	 0.026957750   	 0.16560   	-0.06761   	 nan     	 nan  
2025-06-09 00:00:00   	60835   	5   	 0.11922215   	 0.44082991   	 0.027280807   	 0.17914   	-0.11282   	 nan     	 nan  
2025-06-10 00:00:00   	60836   	6   	 0.12092252   	 0.44033878   	 0.027418613   	 0.18455   	-0.13569   	 nan     	 nan  
2025-06-11 00:00:00   	60837   	7   	 0.12099153   	 0.44035231   	 0.026724339   	 0.18634   	-0.13876   	 nan     	 nan  
2025-06-12 00:00:00   	60838   	8   	 0.12228607   	 0.44065664   	 0.026800156   	 0.15943   	-0.10090   	 nan     	 nan  
2025-06-13 00:00:00   	60839   	9   	 0.12279511   	 0.44023068   	 0.026191711   	 0.16618   	-0.03841   	 nan     	 nan  
2025-06-14 00:00:00   	60840   	10   	 0.12442571   	 0.43995339   	 0.026139259   	 0.17937   	 0.04757   	 nan     	 nan  
2025-06-11 00:00:00   	60837   	0   	 0.12683134   	 0.44230363   	 0.030722737   	 0.22630   	-0.09240   	 0.31620   	-0.11381
2025-06-12 00:00:00   	60838   	1   	 0.12637623   	 0.44212452   	 0.031733334   	 0.31338   	-0.15973   	 0.36589   	-0.05124
2025-06-13 00:00:00   	60839   	2   	 0.12627075   	 0.44205804   	 0.032132387   	 0.28844   	-0.05798   	 0.35753   	 0.01064
2025-06-14 00:00:00   	60840   	3   	 0.12647970   	 0.44189767   	 0.032563210   	 0.24600   	-0.01147   	 0.32753   	 0.06502
2025-06-15 00:00:00   	60841   	4   	 0.12721428   	 0.44181012   	 0.032907963   	 0.17289   	 0.06238   	 0.34776   	 0.10507
2025-06-16 00:00:00   	60842   	5   	 0.12852706   	 0.44193905   	 0.033384323   	 0.20746   	 0.06683   	 0.35730   	 0.10502
2025-06-17 00:00:00   	60843   	6   	 0.13056887   	 0.44220434   	 0.033463955   	 0.17893   	 0.06109   	 0.32647   	 0.09224
2025-06-18 00:00:00   	60844   	7   	 0.13291197   	 0.44238198   	 0.032588959   	 0.20508   	 0.03152   	 0.32914   	 0.06355
2025-06-19 00:00:00   	60845   	8   	 0.13425650   	 0.44313134   	 0.031713486   	 0.20255   	 0.03645   	 0.31161   	 0.03957
2025-06-20 00:00:00   	60846   	9   	 0.13649036   	 0.44321709   	 0.030105591   	 0.23782   	 0.04924   	 0.33283   	 0.01666
2025-06-21 00:00:00   	60847   	10   	 0.13590216   	 0.44367098   	 0.029447556   	 0.26669   	 0.10187   	 0.32858   	 0.00148
2025-06-18 00:00:00   	60844   	0   	 0.14012812   	 0.44301848   	 0.034950733   	 0.18784   	 0.05936   	 0.38016   	 0.06254
2025-06-19 00:00:00   	60845   	1   	 0.14090022   	 0.44329265   	 0.034806371   	 0.25315   	 0.08065   	 0.38306   	 0.04128
2025-06-20 00:00:00   	60846   	2   	 0.14135301   	 0.44333232   	 0.034016371   	 0.25843   	 0.06806   	 0.34401   	 0.01583
2025-06-21 00:00:00   	60847   	3   	 0.14208590   	 0.44329033   	 0.033416748   	 0.26016   	 0.05984   	 0.33929   	-0.00775
2025-06-22 00:00:00   	60848   	4   	 0.14360530   	 0.44312966   	 0.032668352   	 0.22453   	 0.03487   	 0.37126   	-0.02239
2025-06-23 00:00:00   	60849   	5   	 0.14564535   	 0.44294520   	 0.032658339   	 0.29556   	 0.04357   	 0.39566   	-0.04577
2025-06-24 00:00:00   	60850   	6   	 0.14663300   	 0.44297619   	 0.032922745   	 0.27323   	 0.04663   	 0.43572   	-0.03909
2025-06-25 00:00:00   	60851   	7   	 0.14924343   	 0.44282405   	 0.032705784   	 0.30570   	 0.03503   	 0.44198   	-0.04383
2025-06-26 00:00:00   	60852   	8   	 0.15171276   	 0.44253501   	 0.032995224   	 0.29250   	 0.00105   	 0.44040   	-0.05791
2025-06-27 00:00:00   	60853   	9   	 0.15473286   	 0.44199219   	 0.032218933   	 0.31326   	-0.00870   	 0.48438   	-0.07924
2025-06-28 00:00:00   	60854   	10   	 0.15409070   	 0.44193387   	 0.031733513   	 0.33902   	-0.01516   	 0.49628   	-0.06969
2025-06-25 00:00:00   	60851   	0   	 0.15156882   	 0.44162825   	 0.037847519   	 0.22778   	-0.00516   	 0.41447   	-0.06748
2025-06-26 00:00:00   	60852   	1   	 0.15328078   	 0.44193227   	 0.039216161   	 0.39911   	-0.05142   	 0.41989   	-0.07438
2025-06-27 00:00:00   	60853   	2   	 0.15490859   	 0.44215248   	 0.039774656   	 0.35879   	-0.08585   	 0.48204   	-0.08821
2025-06-28 00:00:00   	60854   	3   	 0.15704268   	 0.44237906   	 0.040277481   	 0.32157   	-0.10378   	 0.47329   	-0.08416
2025-06-29 00:00:00   	60855   	4   	 0.15868496   	 0.44237773   	 0.040887356   	 0.24465   	-0.09800   	 0.43161   	-0.08765
2025-06-30 00:00:00   	60856   	5   	 0.16073740   	 0.44196216   	 0.041106939   	 0.26577   	-0.10928   	 0.43047   	-0.08326
2025-07-01 00:00:00   	60857   	6   	 0.16193022   	 0.44170725   	 0.041307449   	 0.22207   	-0.10960   	 0.39341   	-0.07165
2025-07-02 00:00:00   	60858   	7   	 0.16424058   	 0.44080372   	 0.040916920   	 0.20790   	-0.11907   	 0.39684   	-0.06517
2025-07-03 00:00:00   	60859   	8   	 0.16664381   	 0.44040798   	 0.040399551   	 0.17581   	-0.13862   	 0.38160   	-0.08852
2025-07-04 00:00:00   	60860   	9   	 0.16789776   	 0.43970143   	 0.039764404   	 0.21273   	-0.21305   	 0.32327   	-0.10507
2025-07-05 00:00:00   	60861   	10   	 0.16664211   	 0.43887600   	 0.039659500   	 0.22069   	-0.21935   	 0.33975   	-0.11743
2025-07-02 00:00:00   	60858   	0   	 0.16397405   	 0.43953041   	 0.043804407   	 0.21843   	-0.09508   	 0.37964   	-0.06700
2025-07-03 00:00:00   	60859   	1   	 0.16608686   	 0.43907684   	 0.044359446   	 0.36374   	-0.23223   	 0.35459   	-0.08275
2025-07-04 00:00:00   	60860   	2   	 0.16679624   	 0.43871365   	 0.044396162   	 0.30851   	-0.21935   	 0.39327   	-0.09721
2025-07-05 00:00:00   	60861   	3   	 0.16872424   	 0.43834539   	 0.044768333   	 0.27323   	-0.20684   	 0.34165   	-0.11066
2025-07-06 00:00:00   	60862   	4   	 0.16992940   	 0.43811608   	 0.044933319   	 0.25009   	-0.20782   	 0.30979   	-0.13343
2025-07-07 00:00:00   	60863   	5   	 0.17095565   	 0.43745523   	 0.045877934   	 0.25375   	-0.22168   	 0.32218   	-0.12976
2025-07-08 00:00:00   	60864   	6   	 0.17243423   	 0.43736735   	 0.047068596   	 0.22568   	-0.21678   	 0.30137   	-0.12769
2025-07-09 00:00:00   	60865   	7   	 0.17462805   	 0.43697956   	 0.047080040   	 0.25784   	-0.17204   	 0.34031   	-0.09260
2025-07-10 00:00:00   	60866   	8   	 0.17638353   	 0.43672674   	 0.048000336   	 0.22897   	-0.08419   	 0.36133   	-0.05422
2025-07-11 00:00:00   	60867   	9   	 0.17755986   	 0.43683732   	 0.047866821   	 0.29574   	-0.02490   	 0.37155   	-0.01685
2025-07-12 00:00:00   	60868   	10   	 0.17677722   	 0.43615250   	 0.048320770   	 0.34822   	 0.05698   	 0.44199   	 0.01231
2025-07-09 00:00:00   	60865   	0   	 0.17534467   	 0.43787049   	 0.050306320   	 0.27042   	-0.09813   	 0.31396   	-0.09171
2025-07-10 00:00:00   	60866   	1   	 0.17673555   	 0.43717906   	 0.051807523   	 0.38676   	-0.14868   	 0.34922   	-0.04591
2025-07-11 00:00:00   	60867   	2   	 0.17689114   	 0.43611811   	 0.052501202   	 0.39691   	-0.06859   	 0.44561   	-0.00903
2025-07-12 00:00:00   	60868   	3   	 0.17840597   	 0.43516563   	 0.053175926   	 0.40320   	 0.00179   	 0.44078   	 0.01529
2025-07-13 00:00:00   	60869   	4   	 0.17916700   	 0.43450760   	 0.053814650   	 0.38805   	 0.04428   	 0.44044   	 0.01185
2025-07-14 00:00:00   	60870   	5   	 0.18005671   	 0.43408965   	 0.054293275   	 0.41394   	-0.02602   	 0.46631   	-0.03232
2025-07-15 00:00:00   	60871   	6   	 0.18238151   	 0.43368466   	 0.054572105   	 0.36827   	-0.03911   	 0.43402   	-0.07189
2025-07-16 00:00:00   	60872   	7   	 0.18358875   	 0.43333403   	 0.053746700   	 0.36146   	-0.08485   	 0.42756   	-0.11474
2025-07-17 00:00:00   	60873   	8   	 0.18654257   	 0.43314024   	 0.052967072   	 0.29328   	-0.10870   	 0.37267   	-0.11879
2025-07-18 00:00:00   	60874   	9   	 0.18804364   	 0.43294146   	 0.051948547   	 0.26863   	-0.04970   	 0.29778   	-0.10211
2025-07-19 00:00:00   	60875   	10   	 0.18922894   	 0.43286751   	 0.051911354   	 0.27753   	-0.03154   	 0.31958   	-0.08629
2025-07-16 00:00:00   	60872   	0   	 0.18605575   	 0.43544312   	 0.055563927   	 0.29109   	-0.00721   	 0.39463   	-0.12968
2025-07-17 00:00:00   	60873   	1   	 0.18703589   	 0.43508114   	 0.055501223   	 0.39819   	-0.03785   	 0.35810   	-0.12947
2025-07-18 00:00:00   	60874   	2   	 0.18732213   	 0.43445677   	 0.054828405   	 0.34937   	-0.05763   	 0.37776   	-0.12162
2025-07-19 00:00:00   	60875   	3   	 0.18800001   	 0.43405951   	 0.054684639   	 0.27639   	-0.03268   	 0.31935   	-0.10449
2025-07-20 00:00:00   	60876   	4   	 0.18952348   	 0.43361477   	 0.054400444   	 0.23559   	-0.02022   	 0.29253   	-0.09824
2025-07-21 00:00:00   	60877   	5   	 0.19052559   	 0.43306422   	 0.055080175   	 0.25894   	-0.03847   	 0.31031   	-0.10736
2025-07-22 00:00:00   	60878   	6   	 0.19281584   	 0.43279873   	 0.055882454   	 0.25075   	-0.01822   	 0.31013   	-0.12498
2025-07-23 00:00:00   	60879   	7   	 0.19545599   	 0.43211966   	 0.055739403   	 0.29638   	-0.07623   	 0.37212   	-0.15733
2025-07-24 00:00:00   	60880   	8   	 0.19885967   	 0.43179025   	 0.056249619   	 0.30170   	-0.12571   	 0.39262   	-0.20342
2025-07-25 00:00:00   	60881   	9   	 0.19968342   	 0.43053415   	 0.055694580   	 0.34686   	-0.17479   	 0.38017   	-0.24185
2025-07-26 00:00:00   	60882   	10   	 0.20138658   	 0.43078057   	 0.055784225   	 0.36590   	-0.19066   	 0.44280   	-0.25934
2025-07-23 00:00:00   	60879   	0   	 0.19591517   	 0.43305006   	 0.059141636   	 0.26613   	-0.03304   	 0.33549   	-0.17055
2025-07-24 00:00:00   	60880   	1   	 0.19722061   	 0.43277285   	 0.060104132   	 0.40901   	-0.14849   	 0.35057   	-0.21039
2025-07-25 00:00:00   	60881   	2   	 0.19827593   	 0.43238612   	 0.060181379   	 0.39669   	-0.21630   	 0.45382   	-0.25015
2025-07-26 00:00:00   	60882   	3   	 0.19984669   	 0.43214139   	 0.060365677   	 0.39233   	-0.21025   	 0.44288   	-0.26419
2025-07-27 00:00:00   	60883   	4   	 0.20141307   	 0.43147075   	 0.060374022   	 0.34589   	-0.18785   	 0.42315   	-0.25364
2025-07-28 00:00:00   	60884   	5   	 0.20222245   	 0.43083073   	 0.060419321   	 0.36878   	-0.11470   	 0.42053   	-0.19949
2025-07-29 00:00:00   	60885   	6   	 0.20343051   	 0.43053541   	 0.060217857   	 0.32434   	-0.09402   	 0.39633   	-0.15147
2025-07-30 00:00:00   	60886   	7   	 0.20492199   	 0.43008812   	 0.059298992   	 0.33710   	-0.02898   	 0.41106   	-0.08818
2025-07-31 00:00:00   	60887   	8   	 0.20625848   	 0.42965765   	 0.058731079   	 0.31584   	 0.00920   	 0.37752   	-0.05014
2025-08-01 00:00:00   	60888   	9   	 0.20622274   	 0.42875366   	 0.057334900   	 0.32066   	 0.04145   	 0.32300   	-0.03601
2025-08-02 00:00:00   	60889   	10   	 0.20680932   	 0.42878966   	 0.057691574   	 0.31203   	 0.05464   	 0.33848   	-0.03429
2025-08-06 00:00:00   	60893   	0   	 0.21437155   	 0.42209383   	 0.067283511   	 0.15736   	 0.03119   	 0.23979   	-0.05958
2025-08-07 00:00:00   	60894   	1   	 0.21573346   	 0.42190619   	 0.068651557   	 0.19318   	-0.04852   	 0.25157   	-0.07207
2025-08-08 00:00:00   	60895   	2   	 0.21696361   	 0.42199401   	 0.069113731   	 0.26217   	 0.00581   	 0.37488   	-0.06545
2025-08-09 00:00:00   	60896   	3   	 0.21830270   	 0.42154991   	 0.069555283   	 0.28931   	-0.01119   	 0.36924   	-0.07800
2025-08-10 00:00:00   	60897   	4   	 0.21953517   	 0.42104865   	 0.069686174   	 0.29662   	-0.00982   	 0.36467   	-0.09364
2025-08-11 00:00:00   	60898   	5   	 0.22003179   	 0.41978155   	 0.069845557   	 0.33261   	-0.02739   	 0.38369   	-0.11112
2025-08-12 00:00:00   	60899   	6   	 0.22115094   	 0.41868402   	 0.069780350   	 0.34190   	-0.04682   	 0.36731   	-0.13293
2025-08-13 00:00:00   	60900   	7   	 0.22055006   	 0.41718829   	 0.068827629   	 0.33330   	-0.07038   	 0.40059   	-0.14050
2025-08-14 00:00:00   	60901   	8   	 0.22125939   	 0.41554783   	 0.068199158   	 0.30967   	-0.10026   	 0.38968   	-0.15013
2025-08-15 00:00:00   	60902   	9   	 0.22169995   	 0.41390746   	 0.066757202   	 0.29908   	-0.04732   	 0.34205   	-0.13925
2025-08-16 00:00:00   	60903   	10   	 0.21934114   	 0.41291563   	 0.066839218   	 0.33909   	-0.03475   	 0.36909   	-0.11224
2025-08-13 00:00:00   	60900   	0   	 0.21950156   	 0.41313389   	 0.072021723   	 0.30512   	-0.00806   	 0.37422   	-0.14430
2025-08-14 00:00:00   	60901   	1   	 0.22097545   	 0.41211452   	 0.072191298   	 0.37120   	-0.09663   	 0.36041   	-0.15147
2025-08-15 00:00:00   	60902   	2   	 0.22224208   	 0.41128247   	 0.071917772   	 0.36286   	-0.10842   	 0.41565   	-0.14820
2025-08-16 00:00:00   	60903   	3   	 0.22303807   	 0.41007490   	 0.072019577   	 0.33843   	-0.07970   	 0.36462   	-0.11613
2025-08-17 00:00:00   	60904   	4   	 0.22386217   	 0.40872151   	 0.071907043   	 0.28640   	-0.06340   	 0.33264   	-0.12842
2025-08-18 00:00:00   	60905   	5   	 0.22451157   	 0.40732502   	 0.072554946   	 0.29915   	-0.02199   	 0.34483   	-0.10597
2025-08-19 00:00:00   	60906   	6   	 0.22566384   	 0.40623254   	 0.073433876   	 0.28724   	-0.03655   	 0.32647   	-0.10536
2025-08-20 00:00:00   	60907   	7   	 0.22534925   	 0.40483503   	 0.073041916   	 0.32292   	-0.03185   	 0.36484   	-0.09385
2025-08-21 00:00:00   	60908   	8   	 0.22607572   	 0.40310140   	 0.073074341   	 0.32763   	-0.02573   	 0.38964   	-0.09462
2025-08-22 00:00:00   	60909   	9   	 0.22766136   	 0.40205781   	 0.071784973   	 0.37385   	-0.02761   	 0.39498   	-0.10778
2025-08-23 00:00:00   	60910   	10   	 0.22644053   	 0.40098903   	 0.071880341   	 0.40492   	-0.03346   	 0.46555   	-0.11541
2025-08-20 00:00:00   	60907   	0   	 0.22397541   	 0.40456435   	 0.076526761   	 0.26827   	 0.01819   	 0.34459   	-0.09037
2025-08-21 00:00:00   	60908   	1   	 0.22418615   	 0.40294345   	 0.077516079   	 0.37053   	-0.04272   	 0.37352   	-0.07888
2025-08-22 00:00:00   	60909   	2   	 0.22434196   	 0.40150213   	 0.077470541   	 0.42079   	-0.08207   	 0.47209   	-0.08545
2025-08-23 00:00:00   	60910   	3   	 0.22411422   	 0.40008171   	 0.077476501   	 0.41035   	-0.06857   	 0.46734   	-0.09609
2025-08-24 00:00:00   	60911   	4   	 0.22426990   	 0.39877106   	 0.077421188   	 0.34469   	-0.07625   	 0.43962   	-0.10659
2025-08-25 00:00:00   	60912   	5   	 0.22492894   	 0.39742285   	 0.077282906   	 0.35774   	-0.06653   	 0.44397   	-0.13715
2025-08-26 00:00:00   	60913   	6   	 0.22543033   	 0.39651923   	 0.076960564   	 0.32997   	-0.08201   	 0.39862   	-0.16109
2025-08-27 00:00:00   	60914   	7   	 0.22640386   	 0.39542487   	 0.076273918   	 0.29237   	-0.08022   	 0.39328   	-0.17980
2025-08-28 00:00:00   	60915   	8   	 0.22614324   	 0.39418405   	 0.075836182   	 0.22901   	-0.09513   	 0.34101   	-0.20080
2025-08-29 00:00:00   	60916   	9   	 0.22917195   	 0.39275879   	 0.075050354   	 0.23565   	-0.10965   	 0.29182   	-0.20653
2025-08-30 00:00:00   	60917   	10   	 0.22838791   	 0.39199632   	 0.075000763   	 0.20573   	-0.10112   	 0.31763   	-0.20042
2025-08-27 00:00:00   	60914   	0   	 0.23099874   	 0.39537887   	 0.080973268   	 0.28326   	-0.07537   	 0.38604   	-0.16887
2025-08-28 00:00:00   	60915   	1   	 0.23117247   	 0.39404318   	 0.081590831   	 0.29191   	-0.21822   	 0.32869   	-0.18474
2025-08-29 00:00:00   	60916   	2   	 0.23072180   	 0.39236564   	 0.081752777   	 0.26654   	-0.18973   	 0.30512   	-0.18410
2025-08-30 00:00:00   	60917   	3   	 0.23105971   	 0.39087447   	 0.082374573   	 0.21976   	-0.16165   	 0.34965   	-0.17618
2025-08-31 00:00:00   	60918   	4   	 0.23108064   	 0.38934279   	 0.082969427   	 0.17847   	-0.08243   	 0.32632   	-0.14618
2025-09-01 00:00:00   	60919   	5   	 0.23127103   	 0.38743291   	 0.084144592   	 0.17530   	-0.04277   	 0.30376   	-0.11070
2025-09-02 00:00:00   	60920   	6   	 0.23263454   	 0.38646071   	 0.085540295   	 0.19292   	-0.02982   	 0.34037   	-0.07037
2025-09-03 00:00:00   	60921   	7   	 0.23354262   	 0.38504835   	 0.085614204   	 0.24038   	-0.00820   	 0.35924   	-0.03967
2025-09-04 00:00:00   	60922   	8   	 0.23326820   	 0.38390671   	 0.086236954   	 0.26141   	 0.00918   	 0.43207   	-0.03028
2025-09-05 00:00:00   	60923   	9   	 0.23554968   	 0.38272520   	 0.085563660   	 0.32323   	-0.01057   	 0.44814   	-0.03999
2025-09-06 00:00:00   	60924   	10   	 0.23397955   	 0.38161087   	 0.086380959   	 0.37415   	-0.02596   	 0.44362   	-0.05226
2025-09-03 00:00:00   	60921   	0   	 0.23530228   	 0.38803819   	 0.086531162   	 0.29481   	 0.00373   	 0.36157   	-0.04571
2025-09-04 00:00:00   	60922   	1   	 0.23578535   	 0.38655888   	 0.087527752   	 0.33448   	-0.07602   	 0.39619   	-0.04015
2025-09-05 00:00:00   	60923   	2   	 0.23636363   	 0.38491646   	 0.087600470   	 0.39426   	-0.06511   	 0.46427   	-0.04361
2025-09-06 00:00:00   	60924   	3   	 0.23749133   	 0.38358121   	 0.087650299   	 0.42007   	-0.05850   	 0.47187   	-0.05493
2025-09-07 00:00:00   	60925   	4   	 0.23767771   	 0.38235645   	 0.087342501   	 0.42035   	-0.01917   	 0.44287   	-0.05791
2025-09-08 00:00:00   	60926   	5   	 0.23821492   	 0.38091989   	 0.087096453   	 0.39431   	-0.02165   	 0.39825   	-0.04995
2025-09-09 00:00:00   	60927   	6   	 0.23851794   	 0.38005824   	 0.086869717   	 0.29879   	-0.01083   	 0.31955   	-0.04990
2025-09-10 00:00:00   	60928   	7   	 0.23945711   	 0.37926472   	 0.085597992   	 0.24447   	 0.01294   	 0.28332   	-0.02636
2025-09-11 00:00:00   	60929   	8   	 0.23859622   	 0.37829944   	 0.084724426   	 0.18347   	 0.07356   	 0.20270   	 0.01086
2025-09-12 00:00:00   	60930   	9   	 0.24068887   	 0.37704731   	 0.083328247   	 0.14721   	 0.16821   	 0.13263   	 0.05175
2025-09-13 00:00:00   	60931   	10   	 0.23862650   	 0.37679628   	 0.083314896   	 0.15889   	 0.22940   	 0.14942   	 0.07493
2025-09-10 00:00:00   	60928   	0   	 0.23551465   	 0.37853741   	 0.087831020   	 0.24477   	 0.07219   	 0.25722   	-0.03898
2025-09-11 00:00:00   	60929   	1   	 0.23658632   	 0.37774998   	 0.087569416   	 0.21175   	 0.09387   	 0.18598   	 0.00256
2025-09-12 00:00:00   	60930   	2   	 0.23695114   	 0.37685501   	 0.086893320   	 0.16673   	 0.13808   	 0.18495   	 0.04494
2025-09-13 00:00:00   	60931   	3   	 0.23737539   	 0.37607320   	 0.086752892   	 0.14339   	 0.19123   	 0.15076   	 0.07279
2025-09-14 00:00:00   	60932   	4   	 0.23781805   	 0.37468734   	 0.086350441   	 0.14610   	 0.21118   	 0.18069   	 0.05945
2025-09-15 00:00:00   	60933   	5   	 0.23773768   	 0.37333203   	 0.086928010   	 0.21245   	 0.19032   	 0.28058   	 0.00816
2025-09-16 00:00:00   	60934   	6   	 0.23822674   	 0.37179585   	 0.087445259   	 0.28395   	 0.14844   	 0.36090   	-0.05162
2025-09-17 00:00:00   	60935   	7   	 0.23838695   	 0.37036348   	 0.086723804   	 0.34223   	 0.08010   	 0.46224   	-0.10427
2025-09-18 00:00:00   	60936   	8   	 0.23782028   	 0.36843020   	 0.086397171   	 0.33476   	 0.02802   	 0.46708   	-0.14486
2025-09-19 00:00:00   	60937   	9   	 0.23811674   	 0.36599086   	 0.085067749   	 0.32208   	 0.04243   	 0.39339   	-0.15011
2025-09-20 00:00:00   	60938   	10   	 0.23686676   	 0.36528538   	 0.085181236   	 0.29883   	 0.02165   	 0.41017   	-0.15042
2025-09-17 00:00:00   	60935   	0   	 0.23437090   	 0.36680246   	 0.090044856   	 0.27435   	 0.08487   	 0.43154   	-0.09189
2025-09-18 00:00:00   	60936   	1   	 0.23445208   	 0.36622312   	 0.090573847   	 0.31697   	 0.00082   	 0.43740   	-0.12387
2025-09-19 00:00:00   	60937   	2   	 0.23420129   	 0.36569196   	 0.090112925   	 0.34006   	-0.01628   	 0.47749   	-0.13009
2025-09-20 00:00:00   	60938   	3   	 0.23406795   	 0.36461904   	 0.089862823   	 0.31112   	-0.00854   	 0.42527   	-0.12727
2025-09-21 00:00:00   	60939   	4   	 0.23373269   	 0.36318693   	 0.089381456   	 0.27961   	 0.00681   	 0.37391   	-0.12856
2025-09-22 00:00:00   	60940   	5   	 0.23300336   	 0.36178215   	 0.089237571   	 0.33221   	 0.02369   	 0.40524   	-0.11568
2025-09-23 00:00:00   	60941   	6   	 0.23289591   	 0.36000321   	 0.088689327   	 0.34975   	 0.02398   	 0.41733   	-0.09050
2025-09-24 00:00:00   	60942   	7   	 0.23181710   	 0.35811639   	 0.087621212   	 0.32139   	 0.03592   	 0.45792   	-0.07703
2025-09-25 00:00:00   	60943   	8   	 0.23068010   	 0.35562980   	 0.087060928   	 0.31910   	 0.03970   	 0.44458   	-0.05841
2025-09-26 00:00:00   	60944   	9   	 0.23041143   	 0.35261095   	 0.085762024   	 0.28347   	 0.00006   	 0.36340   	-0.04794
2025-09-27 00:00:00   	60945   	10   	 0.22730481   	 0.35171519   	 0.085693359   	 0.25012   	-0.01445   	 0.35812   	-0.04297
2025-09-24 00:00:00   	60942   	0   	 0.23115997   	 0.35467693   	 0.089451432   	 0.32262   	-0.01092   	 0.42027   	-0.06843
2025-09-25 00:00:00   	60943   	1   	 0.23120895   	 0.35304892   	 0.089522243   	 0.33968   	-0.11054   	 0.39860   	-0.04672
2025-09-26 00:00:00   	60944   	2   	 0.23033971   	 0.35133774   	 0.089128017   	 0.32462   	-0.08842   	 0.43066   	-0.03635
2025-09-27 00:00:00   	60945   	3   	 0.23003327   	 0.34947231   	 0.089111328   	 0.23528   	-0.05828   	 0.34800   	-0.03040
2025-09-28 00:00:00   	60946   	4   	 0.22944584   	 0.34793115   	 0.088954449   	 0.20381   	-0.03799   	 0.31650   	-0.04032
2025-09-29 00:00:00   	60947   	5   	 0.22937589   	 0.34585538   	 0.089347601   	 0.18323   	-0.05780   	 0.33154   	-0.05824
2025-09-30 00:00:00   	60948   	6   	 0.22804299   	 0.34427275   	 0.089999199   	 0.21296   	-0.08239   	 0.35389   	-0.04554
2025-10-01 00:00:00   	60949   	7   	 0.22800567   	 0.34311127   	 0.089518547   	 0.26796   	-0.07503   	 0.40390   	-0.02416
2025-10-02 00:00:00   	60950   	8   	 0.22731340   	 0.34090985   	 0.089252472   	 0.28901   	 0.00845   	 0.44959   	-0.00259
2025-10-03 00:00:00   	60951   	9   	 0.22664684   	 0.33923072   	 0.087371826   	 0.35469   	 0.03797   	 0.46401   	 0.05756
2025-10-04 00:00:00   	60952   	10   	 0.22574771   	 0.33810599   	 0.087537766   	 0.38380   	 0.13168   	 0.50035   	 0.09352
2025-10-15 00:00:00   	60963   	0   	 0.20580626   	 0.32470092   	 0.094247937   	 0.38712   	 0.13185   	 0.46509   	 0.07617
2025-10-16 00:00:00   	60964   	1   	 0.20506680   	 0.32284172   	 0.094496906   	 0.37445   	 0.09667   	 0.42746   	 0.06519
2025-10-17 00:00:00   	60965   	2   	 0.20410652   	 0.32086136   	 0.093815565   	 0.34515   	 0.04606   	 0.46032   	 0.05287
2025-10-18 00:00:00   	60966   	3   	 0.20309257   	 0.31883153   	 0.093262672   	 0.32303   	 0.01576   	 0.40979   	 0.02800
2025-10-19 00:00:00   	60967   	4   	 0.20234669   	 0.31750545   	 0.092490435   	 0.29430   	-0.00394   	 0.38963   	 0.01339
2025-10-20 00:00:00   	60968   	5   	 0.20005210   	 0.31669938   	 0.092122912   	 0.33831   	-0.01939   	 0.44131   	-0.00994
2025-10-21 00:00:00   	60969   	6   	 0.19846042   	 0.31577272   	 0.091579914   	 0.36739   	-0.02777   	 0.46544   	-0.03714
2025-10-22 00:00:00   	60970   	7   	 0.19724107   	 0.31543132   	 0.090584278   	 0.38926   	-0.06670   	 0.51719   	-0.06629
2025-10-23 00:00:00   	60971   	8   	 0.19649130   	 0.31500356   	 0.090158463   	 0.39637   	-0.05525   	 0.48160   	-0.09013
2025-10-24 00:00:00   	60972   	9   	 0.19453354   	 0.31458143   	 0.089302063   	 0.37411   	-0.09605   	 0.40184   	-0.09721
2025-10-25 00:00:00   	60973   	10   	 0.19212244   	 0.31497031   	 0.088949203   	 0.28293   	-0.03405   	 0.37320   	-0.07945
2025-11-05 00:00:00   	60984   	0   	 0.17013092   	 0.31894560   	 0.089130044   	 0.40708   	 0.02765   	 0.38391   	 0.01906
2025-11-06 00:00:00   	60985   	1   	 0.16834104   	 0.31978507   	 0.088581324   	 0.42878   	 0.01435   	 0.36733   	 0.05591
2025-11-07 00:00:00   	60986   	2   	 0.16697210   	 0.32055070   	 0.087807894   	 0.42531   	 0.01867   	 0.39321   	 0.09501
2025-11-08 00:00:00   	60987   	3   	 0.16539103   	 0.32083149   	 0.087515831   	 0.40144   	 0.06245   	 0.32189   	 0.11893
2025-11-09 00:00:00   	60988   	4   	 0.16450249   	 0.32098974   	 0.086890936   	 0.38668   	 0.06871   	 0.28899   	 0.11378
2025-11-10 00:00:00   	60989   	5   	 0.16182825   	 0.32052512   	 0.087097287   	 0.38829   	 0.05382   	 0.31411   	 0.09748
2025-11-11 00:00:00   	60990   	6   	 0.16181081   	 0.32001606   	 0.087135315   	 0.39708   	 0.03107   	 0.35487   	 0.05811
2025-11-12 00:00:00   	60991   	7   	 0.15961873   	 0.31913848   	 0.085777760   	 0.42539   	 0.00706   	 0.43751   	 0.02072
2025-11-13 00:00:00   	60992   	8   	 0.15817804   	 0.31896017   	 0.084390640   	 0.48527   	 0.00268   	 0.48016   	-0.00459
2025-11-14 00:00:00   	60993   	9   	 0.15633493   	 0.31765765   	 0.082580566   	 0.47588   	 0.01037   	 0.45409   	-0.01872
2025-11-15 00:00:00   	60994   	10   	 0.15314619   	 0.31443044   	 0.082025528   	 0.49623   	-0.01440   	 0.49683   	-0.03806
2025-11-12 00:00:00   	60991   	0   	 0.16025584   	 0.31501748   	 0.087596297   	 0.40380   	 0.09817   	 0.40782   	 0.02692
2025-11-13 00:00:00   	60992   	1   	 0.15846419   	 0.31507697   	 0.087046146   	 0.43256   	 0.06078   	 0.42819   	 0.00380
2025-11-14 00:00:00   	60993   	2   	 0.15669544   	 0.31480678   	 0.085686445   	 0.44342   	 0.04214   	 0.53737   	-0.00655
2025-11-15 00:00:00   	60994   	3   	 0.15494219   	 0.31460967   	 0.084537506   	 0.47705   	 0.02638   	 0.49456   	-0.01514
2025-11-16 00:00:00   	60995   	4   	 0.15398081   	 0.31455931   	 0.082916498   	 0.48570   	 0.03927   	 0.46901   	 0.00211
2025-11-17 00:00:00   	60996   	5   	 0.15208452   	 0.31333715   	 0.082127571   	 0.48260   	 0.08528   	 0.48963   	-0.01022
2025-11-18 00:00:00   	60997   	6   	 0.15222611   	 0.31305715   	 0.081033707   	 0.51313   	 0.04237   	 0.45753   	-0.01127
2025-11-19 00:00:00   	60998   	7   	 0.15073604   	 0.31171267   	 0.079367638   	 0.46354   	 0.06478   	 0.49172   	-0.02747
2025-11-20 00:00:00   	60999   	8   	 0.14997678   	 0.31211058   	 0.078433990   	 0.43252   	 0.03097   	 0.45938   	-0.06104
2025-11-21 00:00:00   	61000   	9   	 0.15083969   	 0.30951848   	 0.076873779   	 0.41946   	-0.02354   	 0.38305   	-0.07783
2025-11-22 00:00:00   	61001   	10   	 0.14651022   	 0.30765539   	 0.076030731   	 0.37322   	-0.05543   	 0.40356   	-0.07590
2025-11-19 00:00:00   	60998   	0   	 0.14752017   	 0.31590682   	 0.083435535   	 0.50627   	 0.03639   	 0.45511   	-0.03427
2025-11-20 00:00:00   	60999   	1   	 0.14601275   	 0.31494040   	 0.083347678   	 0.48700   	-0.02644   	 0.42593   	-0.05904
2025-11-21 00:00:00   	61000   	2   	 0.14471535   	 0.31360593   	 0.082838297   	 0.46018   	-0.04231   	 0.46854   	-0.08436
2025-11-22 00:00:00   	61001   	3   	 0.14345814   	 0.31320377   	 0.082563400   	 0.39043   	-0.04829   	 0.40479   	-0.08216
2025-11-23 00:00:00   	61002   	4   	 0.14256618   	 0.31320348   	 0.082319260   	 0.38387   	-0.03229   	 0.37616   	-0.04994
2025-11-24 00:00:00   	61003   	5   	 0.14034849   	 0.31259803   	 0.082274914   	 0.37190   	 0.02299   	 0.39959   	 0.00375
2025-11-25 00:00:00   	61004   	6   	 0.13866489   	 0.31288152   	 0.082365036   	 0.38150   	 0.03840   	 0.42081   	 0.06475
2025-11-26 00:00:00   	61005   	7   	 0.13622810   	 0.31363576   	 0.081489086   	 0.39678   	 0.07293   	 0.46219   	 0.09876
2025-11-27 00:00:00   	61006   	8   	 0.13474554   	 0.31485716   	 0.080396652   	 0.36847   	 0.06186   	 0.42827   	 0.09997
2025-11-28 00:00:00   	61007   	9   	 0.13411916   	 0.31381463   	 0.078155518   	 0.37444   	 0.02005   	 0.37012   	 0.06589
2025-11-29 00:00:00   	61008   	10   	 0.12804268   	 0.31437046   	 0.077183723   	 0.36196   	 0.01803   	 0.37715   	 0.02717
2025-11-26 00:00:00   	61005   	0   	 0.13637082   	 0.31374911   	 0.084071636   	 0.43843   	 0.00931   	 0.44189   	 0.10396
2025-11-27 00:00:00   	61006   	1   	 0.13480213   	 0.31371238   	 0.083741188   	 0.39860   	-0.00306   	 0.42203   	 0.10581
2025-11-28 00:00:00   	61007   	2   	 0.13298002   	 0.31308327   	 0.082637310   	 0.37917   	 0.01877   	 0.47328   	 0.07962
2025-11-29 00:00:00   	61008   	3   	 0.13156254   	 0.31277533   	 0.081418991   	 0.37669   	-0.00745   	 0.41267   	 0.03681
2025-11-30 00:00:00   	61009   	4   	 0.13007848   	 0.31236847   	 0.079844713   	 0.42699   	 0.01480   	 0.36685   	 0.05047
2025-12-01 00:00:00   	61010   	5   	 0.12790128   	 0.31192054   	 0.078560472   	 0.47233   	 0.03593   	 0.35891   	 0.06652
2025-12-02 00:00:00   	61011   	6   	 0.12670147   	 0.31055422   	 0.077621460   	 0.46554   	 0.06598   	 0.36274   	 0.10080
2025-12-03 00:00:00   	61012   	7   	 0.12441146   	 0.31101973   	 0.076244831   	 0.48530   	 0.11146   	 0.39469   	 0.14775
2025-12-04 00:00:00   	61013   	8   	 0.12393688   	 0.31088871   	 0.075378418   	 0.49894   	 0.16976   	 0.39218   	 0.18094
2025-12-05 00:00:00   	61014   	9   	 0.12296657   	 0.30944724   	 0.074089050   	 0.52210   	 0.23435   	 0.34220   	 0.21785
2025-12-06 00:00:00   	61015   	10   	 0.12068677   	 0.30975642   	 0.073005676   	 0.52459   	 0.24208   	 0.36144   	 0.21109
2025-12-03 00:00:00   	61012   	0   	 0.12860777   	 0.31608119   	 0.077901363   	 0.48393   	 0.12538   	 0.37837   	 0.12617
2025-12-04 00:00:00   	61013   	1   	 0.12640333   	 0.31593755   	 0.077416062   	 0.50882   	 0.22055   	 0.37069   	 0.15359
2025-12-05 00:00:00   	61014   	2   	 0.12423129   	 0.31567831   	 0.076729536   	 0.51500   	 0.26876   	 0.41319   	 0.18922
2025-12-06 00:00:00   	61015   	3   	 0.12269873   	 0.31566637   	 0.076316833   	 0.52712   	 0.24729   	 0.38420   	 0.17260
2025-12-07 00:00:00   	61016   	4   	 0.12095168   	 0.31535679   	 0.075578213   	 0.44752   	 0.20976   	 0.36792   	 0.14506
2025-12-08 00:00:00   	61017   	5   	 0.11931832   	 0.31577399   	 0.075265169   	 0.48041   	 0.12610   	 0.36719   	 0.10404
2025-12-09 00:00:00   	61018   	6   	 0.11887433   	 0.31494590   	 0.074942589   	 0.44280   	 0.15569   	 0.38564   	 0.11579
2025-12-10 00:00:00   	61019   	7   	 0.11755998   	 0.31572308   	 0.073240757   	 0.46397   	 0.14637   	 0.42442   	 0.12257
2025-12-11 00:00:00   	61020   	8   	 0.11665850   	 0.31560492   	 0.071310043   	 0.49877   	 0.09420   	 0.43911   	 0.08697
2025-12-12 00:00:00   	61021   	9   	 0.11730763   	 0.31650657   	 0.069610596   	 0.53556   	 0.03585   	 0.42952   	 0.03455
2025-12-13 00:00:00   	61022   	10   	 0.11337133   	 0.31613768   	 0.068539619   	 0.52654   	-0.03410   	 0.47969   	-0.01397
2025-12-10 00:00:00   	61019   	0   	 0.12282818   	 0.31701674   	 0.076925635   	 0.41170   	 0.10325   	 0.40106   	 0.12635
2025-12-11 00:00:00   	61020   	1   	 0.12148065   	 0.31721669   	 0.076350212   	 0.44309   	 0.13046   	 0.41188   	 0.09830
2025-12-12 00:00:00   	61021   	2   	 0.11995998   	 0.31768358   	 0.075109959   	 0.47781   	 0.03887   	 0.43905   	 0.03463
2025-12-13 00:00:00   	61022   	3   	 0.11919001   	 0.31740552   	 0.074169159   	 0.49680   	-0.03875   	 0.52228   	-0.02021
2025-12-14 00:00:00   	61023   	4   	 0.11802014   	 0.31784295   	 0.072874546   	 0.49303   	-0.07462   	 0.48835   	-0.06403
2025-12-15 00:00:00   	61024   	5   	 0.11743033   	 0.31755066   	 0.072491288   	 0.45627   	-0.10477   	 0.43753   	-0.09628
2025-12-16 00:00:00   	61025   	6   	 0.11638539   	 0.31687803   	 0.071825981   	 0.41481   	-0.07035   	 0.41638   	-0.08952
2025-12-17 00:00:00   	61026   	7   	 0.11575962   	 0.31691792   	 0.070560455   	 0.39461   	-0.08312   	 0.39661   	-0.07572
2025-12-18 00:00:00   	61027   	8   	 0.11498218   	 0.31589073   	 0.070228577   	 0.41563   	-0.06677   	 0.46765   	-0.05616
2025-12-19 00:00:00   	61028   	9   	 0.11707543   	 0.31751742   	 0.069557190   	 0.45549   	-0.09855   	 0.47552   	-0.03195
2025-12-20 00:00:00   	61029   	10   	 0.11164646   	 0.31622774   	 0.068799973   	 0.44791   	-0.11116   	 0.46285   	-0.02828
2025-12-17 00:00:00   	61026   	0   	 0.11787648   	 0.31851354   	 0.074782491   	 0.39237   	-0.07249   	 0.40837   	-0.05707
2025-12-18 00:00:00   	61027   	1   	 0.11702343   	 0.31871638   	 0.075067639   	 0.37365   	-0.09403   	 0.41119   	-0.03171
2025-12-19 00:00:00   	61028   	2   	 0.11670783   	 0.31892375   	 0.074907780   	 0.42408   	-0.08545   	 0.49862   	-0.01146
2025-12-20 00:00:00   	61029   	3   	 0.11649245   	 0.31837701   	 0.074944496   	 0.45515   	-0.05043   	 0.48851   	-0.01023
2025-12-21 00:00:00   	61030   	4   	 0.11620857   	 0.31868119   	 0.075006962   	 0.47817   	-0.05983   	 0.48070   	-0.00118
2025-12-22 00:00:00   	61031   	5   	 0.11641722   	 0.31827829   	 0.075020194   	 0.45389   	-0.04856   	 0.50576   	-0.00744
2025-12-23 00:00:00   	61032   	6   	 0.11504936   	 0.31858802   	 0.075266838   	 0.45177   	-0.07018   	 0.48905   	-0.01559
2025-12-24 00:00:00   	61033   	7   	 0.11443854   	 0.31838139   	 0.074199200   	 0.45441   	-0.07368   	 0.52721   	-0.01130
2025-12-25 00:00:00   	61034   	8   	 0.11378836   	 0.31842386   	 0.073081970   	 0.44711   	-0.03776   	 0.52707   	-0.00726
2025-12-26 00:00:00   	61035   	9   	 0.11381555   	 0.31982897   	 0.070953369   	 0.44703   	-0.01138   	 0.48956   	 0.01641
2025-12-27 00:00:00   	61036   	10   	 0.10867490   	 0.31915086   	 0.069971085   	 0.46293   	 0.01199   	 0.50984   	 0.01186
2025-12-24 00:00:00   	61033   	0   	 0.11044001   	 0.32140993   	 0.077480674   	 0.45891   	-0.05913   	 0.52723   	-0.00128
2025-12-25 00:00:00   	61034   	1   	 0.11037949   	 0.32107282   	 0.077250779   	 0.43600   	-0.01934   	 0.52522   	 0.00149
2025-12-26 00:00:00   	61035   	2   	 0.11042563   	 0.32094256   	 0.076264143   	 0.45986   	 0.03199   	 0.56526   	 0.02376
2025-12-27 00:00:00   	61036   	3   	 0.11023530   	 0.32072084   	 0.075199127   	 0.45919   	 0.02789   	 0.51592   	 0.01530
2025-12-28 00:00:00   	61037   	4   	 0.10997921   	 0.32114435   	 0.073979378   	 0.53496   	 0.02090   	 0.51040   	 0.01623
2025-12-29 00:00:00   	61038   	5   	 0.10893938   	 0.32117236   	 0.072841644   	 0.51022   	 0.01635   	 0.53117   	 0.01903
2025-12-30 00:00:00   	61039   	6   	 0.10708103   	 0.32215570   	 0.072320938   	 0.53885   	 0.01173   	 0.52909   	 0.01733
2025-12-31 00:00:00   	61040   	7   	 0.10588074   	 0.32261940   	 0.071363926   	 0.51997   	 0.04717   	 0.54333   	 0.04427
2026-01-01 00:00:00   	61041   	8   	 0.10536719   	 0.32334918   	 0.070919037   	 0.48356   	 0.05972   	 0.47806   	 0.07189
2026-01-02 00:00:00   	61042   	9   	 0.10492891   	 0.32591915   	 0.069953918   	 0.41812   	 0.11698   	 0.38497   	 0.10235
2026-01-03 00:00:00   	61043   	10   	 0.09881332   	 0.32497943   	 0.069038391   	 0.42489   	 0.14179   	 0.38436   	 0.12149
2025-12-31 00:00:00   	61040   	0   	 0.11036847   	 0.32878776   	 0.074179649   	 0.50684   	 0.02257   	 0.51453   	 0.04715
2026-01-01 00:00:00   	61041   	1   	 0.10881838   	 0.32863301   	 0.074286699   	 0.51382   	 0.13236   	 0.47727   	 0.07603
2026-01-02 00:00:00   	61042   	2   	 0.10679653   	 0.32821851   	 0.074065685   	 0.47308   	 0.12555   	 0.47534   	 0.10596
2026-01-03 00:00:00   	61043   	3   	 0.10591571   	 0.32781572   	 0.074068069   	 0.42525   	 0.12360   	 0.39254   	 0.12809
2026-01-04 00:00:00   	61044   	4   	 0.10378694   	 0.32817126   	 0.073916197   	 0.38906   	 0.08830   	 0.36636   	 0.11232
2026-01-05 00:00:00   	61045   	5   	 0.10410378   	 0.32859849   	 0.073775649   	 0.45090   	 0.06462   	 0.41842   	 0.10393
2026-01-06 00:00:00   	61046   	6   	 0.10260111   	 0.33035167   	 0.073681831   	 0.48254   	 0.03289   	 0.46427   	 0.08825
2026-01-07 00:00:00   	61047   	7   	 0.10379525   	 0.33135893   	 0.072260857   	 0.47438   	 0.04175   	 0.52420   	 0.07941
2026-01-08 00:00:00   	61048   	8   	 0.10660372   	 0.33322379   	 0.070720673   	 0.46591   	 0.04573   	 0.49577   	 0.07924
2026-01-09 00:00:00   	61049   	9   	 0.10814707   	 0.33618650   	 0.069442749   	 0.47939   	 0.08471   	 0.45315   	 0.08120
2026-01-10 00:00:00   	61050   	10   	 0.10603028   	 0.33611559   	 0.068678856   	 0.45551   	 0.05743   	 0.50011   	 0.06603
2026-01-07 00:00:00   	61047   	0   	 0.10281123   	 0.33723014   	 0.073360443   	 0.41873   	 0.01677   	 0.47031   	 0.06936
2026-01-08 00:00:00   	61048   	1   	 0.10298549   	 0.33859382   	 0.072705567   	 0.43933   	 0.09378   	 0.44489   	 0.07365
2026-01-09 00:00:00   	61049   	2   	 0.10313638   	 0.33987552   	 0.071499348   	 0.42883   	 0.08566   	 0.51336   	 0.07472
2026-01-10 00:00:00   	61050   	3   	 0.10287315   	 0.34094333   	 0.070712090   	 0.40766   	 0.06788   	 0.48956   	 0.05919
2026-01-11 00:00:00   	61051   	4   	 0.10267572   	 0.34266398   	 0.069521427   	 0.44552   	 0.02897   	 0.49374   	 0.05591
2026-01-12 00:00:00   	61052   	5   	 0.10180251   	 0.34299360   	 0.069304585   	 0.46358   	-0.00430   	 0.55815   	 0.00254
2026-01-13 00:00:00   	61053   	6   	 0.10010307   	 0.34408361   	 0.068912506   	 0.49638   	-0.05584   	 0.60295   	-0.04188
2026-01-14 00:00:00   	61054   	7   	 0.09757148   	 0.34476263   	 0.067687035   	 0.50809   	-0.08715   	 0.64648   	-0.04624
2026-01-15 00:00:00   	61055   	8   	 0.09660023   	 0.34548396   	 0.067386627   	 0.50357   	-0.06868   	 0.60222   	-0.05212
2026-01-16 00:00:00   	61056   	9   	 0.09469892   	 0.34721162   	 0.066741943   	 0.45977   	-0.09923   	 0.50975   	-0.04367
2026-01-17 00:00:00   	61057   	10   	 0.09045168   	 0.34595375   	 0.066404343   	 0.37580   	-0.03720   	 0.45857   	 0.03872
2026-01-14 00:00:00   	61054   	0   	 0.09922657   	 0.34160779   	 0.071650743   	 0.48413   	-0.05818   	 0.60507   	-0.04939
2026-01-15 00:00:00   	61055   	1   	 0.09921486   	 0.34343261   	 0.072200060   	 0.49086   	-0.03297   	 0.55935   	-0.04024
2026-01-16 00:00:00   	61056   	2   	 0.09889995   	 0.34560402   	 0.072233438   	 0.44193   	-0.03176   	 0.53735   	-0.03823
2026-01-17 00:00:00   	61057   	3   	 0.09747865   	 0.34689083   	 0.072477341   	 0.36979   	 0.02164   	 0.45772   	 0.04079
2026-01-18 00:00:00   	61058   	4   	 0.09704291   	 0.34877856   	 0.072684526   	 0.26106   	 0.04667   	 0.35702   	 0.08094
2026-01-19 00:00:00   	61059   	5   	 0.09657792   	 0.34890424   	 0.072910309   	 0.19605   	 0.09123   	 0.31553   	 0.14555
2026-01-20 00:00:00   	61060   	6   	 0.09505641   	 0.34960052   	 0.073015690   	 0.13075   	 0.09381   	 0.28525   	 0.18551
2026-01-21 00:00:00   	61061   	7   	 0.09431658   	 0.34900728   	 0.072005272   	 0.13645   	 0.10008   	 0.31709   	 0.20817
2026-01-22 00:00:00   	61062   	8   	 0.09412441   	 0.34913116   	 0.070869446   	 0.17188   	 0.10484   	 0.35085   	 0.19235
2026-01-23 00:00:00   	61063   	9   	 0.09307830   	 0.34929197   	 0.068916321   	 0.28605   	 0.03516   	 0.38536   	 0.14265
2026-01-24 00:00:00   	61064   	10   	 0.08845721   	 0.34865211   	 0.068338394   	 0.38254   	-0.00825   	 0.47695   	 0.09626
2026-01-21 00:00:00   	61061   	0   	 0.09149345   	 0.34564001   	 0.074133158   	 0.24530   	 0.02234   	 0.32229   	 0.20336
2026-01-22 00:00:00   	61062   	1   	 0.09114938   	 0.34624499   	 0.073814809   	 0.17610   	 0.14468   	 0.34581   	 0.18572
2026-01-23 00:00:00   	61063   	2   	 0.09028374   	 0.34658255   	 0.072791576   	 0.28920   	 0.11295   	 0.46746   	 0.13488
2026-01-24 00:00:00   	61064   	3   	 0.08965079   	 0.34688507   	 0.071851730   	 0.41383   	 0.04077   	 0.51148   	 0.09456
2026-01-25 00:00:00   	61065   	4   	 0.08911647   	 0.34723812   	 0.070680618   	 0.49678   	-0.04327   	 0.54157   	 0.05287
2026-01-26 00:00:00   	61066   	5   	 0.08789087   	 0.34731012   	 0.069923878   	 0.49786   	-0.08350   	 0.56797   	 0.02474
2026-01-27 00:00:00   	61067   	6   	 0.08504226   	 0.34817751   	 0.069718361   	 0.47963   	-0.11688   	 0.55541   	 0.00579
2026-01-28 00:00:00   	61068   	7   	 0.08457993   	 0.34791747   	 0.068821907   	 0.44132   	-0.09797   	 0.55488   	 0.00343
2026-01-29 00:00:00   	61069   	8   	 0.08236974   	 0.34943031   	 0.068590164   	 0.38605   	-0.08986   	 0.53190   	 0.00575
2026-01-30 00:00:00   	61070   	9   	 0.07929267   	 0.34929032   	 0.067352295   	 0.33959   	-0.05611   	 0.45847   	 0.01792
2026-01-31 00:00:00   	61071   	10   	 0.07769720   	 0.35039751   	 0.066597939   	 0.30049   	-0.07374   	 0.45831   	-0.00871
