# Date [YY-MM-DD]  | Epoch[MJD] |Prediction day| xpol[as]     |  ypol[as]    |   dUT1[s]     |   dX[mas]    |    dY[mas]    |    dX_new[mas] |   dY_new[mas]  
2024-12-04 00:00:00   	60648   	0   	 0.18940865   	 0.32526555   	 0.050484061   	 0.31394   	-0.11903   	 nan     	 nan  
2024-12-05 00:00:00   	60649   	1   	 0.18884756   	 0.32429115   	 0.050694942   	 0.30865   	-0.06145   	 nan     	 nan  
2024-12-06 00:00:00   	60650   	2   	 0.18835176   	 0.32314297   	 0.050612926   	 0.36564   	-0.03636   	 nan     	 nan  
2024-12-07 00:00:00   	60651   	3   	 0.18842100   	 0.32150924   	 0.050052643   	 0.39890   	-0.00883   	 nan     	 nan  
2024-12-08 00:00:00   	60652   	4   	 0.18875924   	 0.32011185   	 0.049654961   	 0.42493   	 0.00367   	 nan     	 nan  
2024-12-09 00:00:00   	60653   	5   	 0.18687785   	 0.31901854   	 0.048346519   	 0.42856   	-0.03725   	 nan     	 nan  
2024-12-10 00:00:00   	60654   	6   	 0.18510127   	 0.31802545   	 0.047725201   	 0.43679   	-0.07787   	 nan     	 nan  
2024-12-11 00:00:00   	60655   	7   	 0.18068333   	 0.31785934   	 0.046976089   	 0.41165   	-0.13541   	 nan     	 nan  
2024-12-12 00:00:00   	60656   	8   	 0.17841668   	 0.31826756   	 0.045286179   	 0.37268   	-0.11529   	 nan     	 nan  
2024-12-13 00:00:00   	60657   	9   	 0.17437300   	 0.31703573   	 0.044441223   	 0.35651   	-0.05636   	 nan     	 nan  
2024-12-14 00:00:00   	60658   	10   	 0.17240286   	 0.31660957   	 0.044727325   	 0.35259   	-0.00658   	 nan     	 nan  
2024-12-11 00:00:00   	60655   	0   	 0.18132813   	 0.31948681   	 0.049003482   	 0.38778   	-0.13008   	 nan     	 nan  
2024-12-12 00:00:00   	60656   	1   	 0.18067853   	 0.31837077   	 0.048454523   	 0.38487   	-0.08893   	 nan     	 nan  
2024-12-13 00:00:00   	60657   	2   	 0.17912770   	 0.31703046   	 0.048169136   	 0.33467   	-0.06080   	 nan     	 nan  
2024-12-14 00:00:00   	60658   	3   	 0.17761988   	 0.31716395   	 0.047653437   	 0.33153   	-0.01638   	 nan     	 nan  
2024-12-15 00:00:00   	60659   	4   	 0.17657557   	 0.31659151   	 0.048115730   	 0.34742   	-0.00273   	 nan     	 nan  
2024-12-16 00:00:00   	60660   	5   	 0.17306340   	 0.31671845   	 0.048112869   	 0.42992   	-0.02050   	 nan     	 nan  
2024-12-17 00:00:00   	60661   	6   	 0.17049591   	 0.31725665   	 0.048420429   	 0.42957   	-0.05415   	 nan     	 nan  
2024-12-18 00:00:00   	60662   	7   	 0.16630842   	 0.31692282   	 0.049051285   	 0.45170   	-0.08111   	 nan     	 nan  
2024-12-19 00:00:00   	60663   	8   	 0.16302450   	 0.31601374   	 0.048225403   	 0.41816   	-0.08050   	 nan     	 nan  
2024-12-20 00:00:00   	60664   	9   	 0.16099658   	 0.31444464   	 0.046913147   	 0.40358   	-0.11139   	 nan     	 nan  
2024-12-21 00:00:00   	60665   	10   	 0.15803316   	 0.31297702   	 0.047016144   	 0.39512   	-0.13201   	 nan     	 nan  
2024-12-25 00:00:00   	60669   	0   	 0.16579143   	 0.31421930   	 0.048960686   	 0.29343   	-0.08260   	 nan     	 nan  
2024-12-26 00:00:00   	60670   	1   	 0.16468350   	 0.31467167   	 0.048934221   	 0.31777   	-0.09806   	 nan     	 nan  
2024-12-27 00:00:00   	60671   	2   	 0.16253262   	 0.31445500   	 0.049001694   	 0.30225   	-0.08050   	 nan     	 nan  
2024-12-28 00:00:00   	60672   	3   	 0.16045908   	 0.31254262   	 0.048799515   	 0.29612   	-0.09325   	 nan     	 nan  
2024-12-29 00:00:00   	60673   	4   	 0.15871707   	 0.31014869   	 0.049348831   	 0.28376   	-0.09304   	 nan     	 nan  
2024-12-30 00:00:00   	60674   	5   	 0.15690558   	 0.30847710   	 0.049515724   	 0.25149   	-0.05059   	 nan     	 nan  
2024-12-31 00:00:00   	60675   	6   	 0.15769546   	 0.30719720   	 0.050130367   	 0.24349   	-0.02894   	 nan     	 nan  
2025-01-01 00:00:00   	60676   	7   	 0.15770898   	 0.30677829   	 0.050807953   	 0.27509   	 0.03381   	 nan     	 nan  
2025-01-02 00:00:00   	60677   	8   	 0.15858024   	 0.30773712   	 0.050493240   	 0.33796   	 0.06036   	 nan     	 nan  
2025-01-03 00:00:00   	60678   	9   	 0.16122276   	 0.30959081   	 0.049484253   	 0.41168   	 0.06989   	 nan     	 nan  
2025-01-04 00:00:00   	60679   	10   	 0.16112791   	 0.31119610   	 0.049892426   	 0.44928   	 0.03974   	 nan     	 nan  
2025-01-01 00:00:00   	60676   	0   	 0.15665219   	 0.31142006   	 0.052186012   	 0.26274   	-0.01168   	 nan     	 nan  
2025-01-02 00:00:00   	60677   	1   	 0.15447335   	 0.31057482   	 0.052664757   	 0.31671   	 0.03089   	 nan     	 nan  
2025-01-03 00:00:00   	60678   	2   	 0.15316511   	 0.30974407   	 0.052785873   	 0.38717   	 0.04962   	 nan     	 nan  
2025-01-04 00:00:00   	60679   	3   	 0.15214153   	 0.31009897   	 0.052460909   	 0.47456   	 0.01406   	 nan     	 nan  
2025-01-05 00:00:00   	60680   	4   	 0.15374666   	 0.31052754   	 0.052301407   	 0.42136   	-0.00665   	 nan     	 nan  
2025-01-06 00:00:00   	60681   	5   	 0.15311276   	 0.31171732   	 0.051331520   	 0.39611   	-0.05266   	 nan     	 nan  
2025-01-07 00:00:00   	60682   	6   	 0.15441132   	 0.31293740   	 0.051198959   	 0.41026   	-0.04315   	 nan     	 nan  
2025-01-08 00:00:00   	60683   	7   	 0.15325577   	 0.31416662   	 0.050825119   	 0.45013   	-0.07293   	 nan     	 nan  
2025-01-09 00:00:00   	60684   	8   	 0.15243908   	 0.31468732   	 0.049846649   	 0.45442   	-0.06392   	 nan     	 nan  
2025-01-10 00:00:00   	60685   	9   	 0.15120341   	 0.31456698   	 0.049358368   	 0.40143   	-0.05946   	 nan     	 nan  
2025-01-11 00:00:00   	60686   	10   	 0.14782595   	 0.31395701   	 0.050086975   	 0.35967   	-0.06105   	 nan     	 nan  
2025-01-08 00:00:00   	60683   	0   	 0.13628493   	 0.30415836   	 0.042873025   	 0.35707   	-0.03197   	 nan     	 nan  
2025-01-09 00:00:00   	60684   	1   	 0.13400284   	 0.30288661   	 0.042271614   	 0.44777   	-0.01767   	 nan     	 nan  
2025-01-10 00:00:00   	60685   	2   	 0.13293722   	 0.30320418   	 0.041956902   	 0.40564   	-0.03022   	 nan     	 nan  
2025-01-11 00:00:00   	60686   	3   	 0.13182041   	 0.30579690   	 0.041369677   	 0.35539   	-0.07077   	 nan     	 nan  
2025-01-12 00:00:00   	60687   	4   	 0.13156756   	 0.30935048   	 0.041769981   	 0.30151   	-0.01314   	 nan     	 nan  
2025-01-13 00:00:00   	60688   	5   	 0.12988822   	 0.31193450   	 0.041500092   	 0.32992   	-0.05525   	 nan     	 nan  
2025-01-14 00:00:00   	60689   	6   	 0.12809221   	 0.31342151   	 0.041509628   	 0.35431   	-0.05335   	 nan     	 nan  
2025-01-15 00:00:00   	60690   	7   	 0.12660711   	 0.31294695   	 0.041851044   	 0.38311   	-0.07733   	 nan     	 nan  
2025-01-16 00:00:00   	60691   	8   	 0.12377116   	 0.30985469   	 0.040502548   	 0.41507   	-0.09076   	 nan     	 nan  
2025-01-17 00:00:00   	60692   	9   	 0.12252256   	 0.30598624   	 0.038986206   	 0.41345   	-0.14970   	 nan     	 nan  
2025-01-18 00:00:00   	60693   	10   	 0.12004637   	 0.30293781   	 0.038856506   	 0.39167   	-0.18869   	 nan     	 nan  
2025-01-15 00:00:00   	60690   	0   	 0.12303847   	 0.30387613   	 0.044082046   	 0.33823   	-0.07128   	 nan     	 nan  
2025-01-16 00:00:00   	60691   	1   	 0.12244940   	 0.30522162   	 0.044031143   	 0.44243   	-0.09952   	 nan     	 nan  
2025-01-17 00:00:00   	60692   	2   	 0.12094939   	 0.30665045   	 0.043668747   	 0.43423   	-0.14886   	 nan     	 nan  
2025-01-18 00:00:00   	60693   	3   	 0.11917441   	 0.30559310   	 0.042951584   	 0.40695   	-0.19121   	 nan     	 nan  
2025-01-19 00:00:00   	60694   	4   	 0.11577931   	 0.30391989   	 0.042482376   	 0.34692   	-0.18657   	 nan     	 nan  
2025-01-20 00:00:00   	60695   	5   	 0.11288904   	 0.30125438   	 0.041673660   	 0.33171   	-0.16276   	 nan     	 nan  
2025-01-21 00:00:00   	60696   	6   	 0.10965339   	 0.29863443   	 0.041327000   	 0.30470   	-0.16668   	 nan     	 nan  
2025-01-22 00:00:00   	60697   	7   	 0.10743675   	 0.29635475   	 0.041290283   	 0.31319   	-0.14702   	 nan     	 nan  
2025-01-23 00:00:00   	60698   	8   	 0.10488690   	 0.29518196   	 0.039939880   	 0.31084   	-0.13682   	 nan     	 nan  
2025-01-24 00:00:00   	60699   	9   	 0.10303670   	 0.29509517   	 0.039550781   	 0.34460   	-0.11528   	 nan     	 nan  
2025-01-25 00:00:00   	60700   	10   	 0.10270038   	 0.29502793   	 0.040153503   	 0.35632   	-0.11428   	 nan     	 nan  
2025-01-22 00:00:00   	60697   	0   	 0.12031669   	 0.30492568   	 0.044009149   	 0.28161   	-0.13207   	 nan     	 nan  
2025-01-23 00:00:00   	60698   	1   	 0.11829787   	 0.30629943   	 0.044119358   	 0.33760   	-0.08550   	 nan     	 nan  
2025-01-24 00:00:00   	60699   	2   	 0.11657652   	 0.30639050   	 0.044299603   	 0.32519   	-0.10325   	 nan     	 nan  
2025-01-25 00:00:00   	60700   	3   	 0.11373343   	 0.30425283   	 0.044266701   	 0.33601   	-0.07772   	 nan     	 nan  
2025-01-26 00:00:00   	60701   	4   	 0.11209604   	 0.30128915   	 0.044925690   	 0.36258   	-0.14688   	 nan     	 nan  
2025-01-27 00:00:00   	60702   	5   	 0.11144705   	 0.29897297   	 0.045263290   	 0.37698   	-0.11074   	 nan     	 nan  
2025-01-28 00:00:00   	60703   	6   	 0.10966861   	 0.29653076   	 0.045797825   	 0.39797   	-0.13769   	 nan     	 nan  
2025-01-29 00:00:00   	60704   	7   	 0.11061368   	 0.29658054   	 0.046625137   	 0.36835   	-0.12409   	 nan     	 nan  
2025-01-30 00:00:00   	60705   	8   	 0.11069341   	 0.29776654   	 0.045852661   	 0.36208   	-0.15278   	 nan     	 nan  
2025-01-31 00:00:00   	60706   	9   	 0.11228026   	 0.30009054   	 0.044624329   	 0.29696   	-0.14631   	 nan     	 nan  
2025-02-01 00:00:00   	60707   	10   	 0.11292878   	 0.30326941   	 0.044845581   	 0.22447   	-0.18238   	 nan     	 nan  
2025-01-29 00:00:00   	60704   	0   	 0.10828028   	 0.30690254   	 0.047928870   	 0.35812   	-0.16811   	 nan     	 nan  
2025-01-30 00:00:00   	60705   	1   	 0.10699347   	 0.30728017   	 0.048113346   	 0.41148   	-0.14511   	 nan     	 nan  
2025-01-31 00:00:00   	60706   	2   	 0.10506205   	 0.30654092   	 0.047835350   	 0.34177   	-0.17259   	 nan     	 nan  
2025-02-01 00:00:00   	60707   	3   	 0.10385077   	 0.30567655   	 0.047211885   	 0.26871   	-0.15211   	 nan     	 nan  
2025-02-02 00:00:00   	60708   	4   	 0.10359390   	 0.30549637   	 0.046617508   	 0.20948   	-0.24146   	 nan     	 nan  
2025-02-03 00:00:00   	60709   	5   	 0.10265336   	 0.30604187   	 0.045470238   	 0.24907   	-0.22519   	 nan     	 nan  
2025-02-04 00:00:00   	60710   	6   	 0.10197582   	 0.30689434   	 0.045189381   	 0.31066   	-0.21565   	 nan     	 nan  
2025-02-05 00:00:00   	60711   	7   	 0.10154402   	 0.30866399   	 0.044815063   	 0.34654   	-0.18615   	 nan     	 nan  
2025-02-06 00:00:00   	60712   	8   	 0.10139826   	 0.31124213   	 0.043767929   	 0.38344   	-0.14661   	 nan     	 nan  
2025-02-07 00:00:00   	60713   	9   	 0.09959138   	 0.31501953   	 0.043411255   	 0.31790   	-0.04909   	 nan     	 nan  
2025-02-08 00:00:00   	60714   	10   	 0.09720045   	 0.31727504   	 0.044235229   	 0.29713   	 0.00093   	 nan     	 nan  
2025-02-05 00:00:00   	60711   	0   	 0.09539953   	 0.30947770   	 0.045294106   	 0.26301   	-0.13623   	 nan     	 nan  
2025-02-06 00:00:00   	60712   	1   	 0.09442509   	 0.30873608   	 0.045174122   	 0.39299   	-0.08991   	 nan     	 nan  
2025-02-07 00:00:00   	60713   	2   	 0.09387926   	 0.30851109   	 0.045350552   	 0.34558   	-0.03333   	 nan     	 nan  
2025-02-08 00:00:00   	60714   	3   	 0.09418020   	 0.30958686   	 0.045254230   	 0.26965   	-0.02448   	 nan     	 nan  
2025-02-09 00:00:00   	60715   	4   	 0.09274739   	 0.31123162   	 0.045929909   	 0.18904   	-0.01213   	 nan     	 nan  
2025-02-10 00:00:00   	60716   	5   	 0.09203131   	 0.31274554   	 0.045807838   	 0.21349   	-0.04997   	 nan     	 nan  
2025-02-11 00:00:00   	60717   	6   	 0.08883623   	 0.31542135   	 0.046283722   	 0.26894   	-0.10467   	 nan     	 nan  
2025-02-12 00:00:00   	60718   	7   	 0.08733831   	 0.31711449   	 0.047040939   	 0.25348   	-0.12348   	 nan     	 nan  
2025-02-13 00:00:00   	60719   	8   	 0.08346198   	 0.31789938   	 0.045999527   	 0.24725   	-0.16325   	 nan     	 nan  
2025-02-14 00:00:00   	60720   	9   	 0.07861894   	 0.31845680   	 0.044563293   	 0.24040   	-0.12103   	 nan     	 nan  
2025-02-15 00:00:00   	60721   	10   	 0.07619799   	 0.31919222   	 0.044921875   	 0.20908   	-0.15245   	 nan     	 nan  
2025-02-12 00:00:00   	60718   	0   	 0.08220449   	 0.31200294   	 0.047059655   	 0.23354   	-0.12757   	 nan     	 nan  
2025-02-13 00:00:00   	60719   	1   	 0.08037669   	 0.31150698   	 0.046757221   	 0.30611   	-0.15530   	 nan     	 nan  
2025-02-14 00:00:00   	60720   	2   	 0.07887304   	 0.31175107   	 0.046197414   	 0.26376   	-0.12599   	 nan     	 nan  
2025-02-15 00:00:00   	60721   	3   	 0.07709402   	 0.31316706   	 0.045286655   	 0.23499   	-0.14055   	 nan     	 nan  
2025-02-16 00:00:00   	60722   	4   	 0.07461578   	 0.31436960   	 0.044782639   	 0.19778   	-0.11408   	 nan     	 nan  
2025-02-17 00:00:00   	60723   	5   	 0.07120969   	 0.31599639   	 0.043891907   	 0.16360   	-0.11738   	 nan     	 nan  
2025-02-18 00:00:00   	60724   	6   	 0.06827953   	 0.31794355   	 0.043683529   	 0.16741   	-0.08535   	 nan     	 nan  
2025-02-19 00:00:00   	60725   	7   	 0.06490606   	 0.31775663   	 0.043718338   	 0.15602   	-0.09065   	 nan     	 nan  
2025-02-20 00:00:00   	60726   	8   	 0.06130218   	 0.31695480   	 0.042568207   	 0.17104   	-0.08712   	 nan     	 nan  
2025-02-21 00:00:00   	60727   	9   	 0.05989436   	 0.31527750   	 0.042152405   	 0.15092   	-0.09806   	 nan     	 nan  
2025-02-22 00:00:00   	60728   	10   	 0.05582180   	 0.31382546   	 0.043144226   	 0.22724   	-0.12921   	 nan     	 nan  
2025-02-19 00:00:00   	60725   	0   	 0.07967367   	 0.31892116   	 0.045394421   	 0.17019   	-0.08807   	 nan     	 nan  
2025-02-20 00:00:00   	60726   	1   	 0.07962434   	 0.31980655   	 0.045541286   	 0.20077   	-0.05668   	 nan     	 nan  
2025-02-21 00:00:00   	60727   	2   	 0.07680225   	 0.32039991   	 0.045862198   	 0.20237   	-0.07609   	 nan     	 nan  
2025-02-22 00:00:00   	60728   	3   	 0.07281945   	 0.32072864   	 0.045794010   	 0.23260   	-0.04449   	 nan     	 nan  
2025-02-23 00:00:00   	60729   	4   	 0.06908141   	 0.32132015   	 0.046599388   	 0.24946   	-0.10141   	 nan     	 nan  
2025-02-24 00:00:00   	60730   	5   	 0.06403338   	 0.32152570   	 0.046703339   	 0.22619   	-0.09854   	 nan     	 nan  
2025-02-25 00:00:00   	60731   	6   	 0.06113760   	 0.32190197   	 0.046913147   	 0.26115   	-0.06634   	 nan     	 nan  
2025-02-26 00:00:00   	60732   	7   	 0.06127598   	 0.32216232   	 0.047550201   	 0.28888   	-0.06239   	 nan     	 nan  
2025-02-27 00:00:00   	60733   	8   	 0.06407976   	 0.32298487   	 0.046083450   	 0.29563   	-0.04421   	 nan     	 nan  
2025-02-28 00:00:00   	60734   	9   	 0.06942863   	 0.32343683   	 0.044269562   	 0.37972   	-0.05363   	 nan     	 nan  
2025-03-01 00:00:00   	60735   	10   	 0.07563728   	 0.32447090   	 0.044471741   	 0.44623   	-0.06603   	 nan     	 nan  
2025-02-26 00:00:00   	60732   	0   	 0.06927998   	 0.32451390   	 0.047426194   	 0.22025   	-0.05142   	 nan     	 nan  
2025-02-27 00:00:00   	60733   	1   	 0.06688844   	 0.32602568   	 0.047176778   	 0.37109   	 0.00387   	 nan     	 nan  
2025-02-28 00:00:00   	60734   	2   	 0.06354142   	 0.32662494   	 0.046479762   	 0.39044   	-0.03015   	 nan     	 nan  
2025-03-01 00:00:00   	60735   	3   	 0.06166240   	 0.32567818   	 0.045408309   	 0.42084   	-0.04327   	 nan     	 nan  
2025-03-02 00:00:00   	60736   	4   	 0.06116711   	 0.32454150   	 0.044680238   	 0.39306   	-0.06919   	 nan     	 nan  
2025-03-03 00:00:00   	60737   	5   	 0.06201906   	 0.32437451   	 0.043658018   	 0.37412   	-0.09340   	 nan     	 nan  
2025-03-04 00:00:00   	60738   	6   	 0.06348348   	 0.32450887   	 0.043365568   	 0.33872   	-0.11188   	 nan     	 nan  
2025-03-05 00:00:00   	60739   	7   	 0.06661715   	 0.32503663   	 0.042965770   	 0.35770   	-0.14459   	 nan     	 nan  
2025-03-06 00:00:00   	60740   	8   	 0.07148545   	 0.32700124   	 0.041981936   	 0.30919   	-0.12610   	 nan     	 nan  
2025-03-07 00:00:00   	60741   	9   	 0.07292006   	 0.33025134   	 0.042043924   	 0.32838   	-0.06731   	 nan     	 nan  
2025-03-08 00:00:00   	60742   	10   	 0.07509277   	 0.33264709   	 0.042755961   	 0.32172   	-0.06899   	 nan     	 nan  
2025-03-12 00:00:00   	60746   	0   	 0.06216711   	 0.34159431   	 0.044045091   	 0.26301   	-0.16809   	 nan     	 nan  
2025-03-13 00:00:00   	60747   	1   	 0.06050268   	 0.34175133   	 0.043644190   	 0.40304   	-0.15399   	 nan     	 nan  
2025-03-14 00:00:00   	60748   	2   	 0.06020206   	 0.34230447   	 0.042994022   	 0.40711   	-0.18808   	 nan     	 nan  
2025-03-15 00:00:00   	60749   	3   	 0.06057372   	 0.34357770   	 0.042094707   	 0.35582   	-0.16914   	 nan     	 nan  
2025-03-16 00:00:00   	60750   	4   	 0.06138328   	 0.34544767   	 0.041649818   	 0.32201   	-0.17402   	 nan     	 nan  
2025-03-17 00:00:00   	60751   	5   	 0.06125254   	 0.34762275   	 0.040923119   	 0.29143   	-0.21841   	 nan     	 nan  
2025-03-18 00:00:00   	60752   	6   	 0.05856591   	 0.35067494   	 0.040943623   	 0.29041   	-0.24197   	 nan     	 nan  
2025-03-19 00:00:00   	60753   	7   	 0.05477945   	 0.35218918   	 0.040979385   	 0.28295   	-0.24568   	 nan     	 nan  
2025-03-20 00:00:00   	60754   	8   	 0.04927448   	 0.35364221   	 0.040048599   	 0.28075   	-0.23022   	 nan     	 nan  
2025-03-21 00:00:00   	60755   	9   	 0.04210863   	 0.35521750   	 0.039947510   	 0.27186   	-0.18770   	 nan     	 nan  
2025-03-22 00:00:00   	60756   	10   	 0.03780567   	 0.35763935   	 0.040588379   	 0.26722   	-0.14465   	 nan     	 nan  
2025-03-19 00:00:00   	60753   	0   	 0.06198560   	 0.35591469   	 0.041592598   	 0.25799   	-0.20108   	 nan     	 nan  
2025-03-20 00:00:00   	60754   	1   	 0.06434992   	 0.35776529   	 0.041597605   	 0.36310   	-0.15144   	 nan     	 nan  
2025-03-21 00:00:00   	60755   	2   	 0.06401708   	 0.35916472   	 0.041702271   	 0.31675   	-0.14296   	 nan     	 nan  
2025-03-22 00:00:00   	60756   	3   	 0.06059659   	 0.36008759   	 0.041501999   	 0.28872   	-0.10304   	 nan     	 nan  
2025-03-23 00:00:00   	60757   	4   	 0.05406952   	 0.36123901   	 0.041946411   	 0.20961   	-0.07796   	 nan     	 nan  
2025-03-24 00:00:00   	60758   	5   	 0.04759243   	 0.36251360   	 0.041759491   	 0.22110   	-0.04956   	 nan     	 nan  
2025-03-25 00:00:00   	60759   	6   	 0.04133515   	 0.36441196   	 0.041585922   	 0.20565   	-0.06741   	 nan     	 nan  
2025-03-26 00:00:00   	60760   	7   	 0.03807533   	 0.36696835   	 0.041763306   	 0.22202   	-0.05186   	 nan     	 nan  
2025-03-27 00:00:00   	60761   	8   	 0.03847845   	 0.37011957   	 0.039861679   	 0.25954   	-0.05642   	 nan     	 nan  
2025-03-28 00:00:00   	60762   	9   	 0.04092576   	 0.37368815   	 0.038036346   	 0.31468   	-0.05153   	 nan     	 nan  
2025-03-29 00:00:00   	60763   	10   	 0.04643362   	 0.37657046   	 0.037761688   	 0.35808   	-0.05407   	 nan     	 nan  
2025-03-26 00:00:00   	60760   	0   	 0.05846510   	 0.36476429   	 0.041835010   	 0.20020   	-0.05785   	 nan     	 nan  
2025-03-27 00:00:00   	60761   	1   	 0.05813764   	 0.36565250   	 0.041221142   	 0.31818   	-0.03842   	 nan     	 nan  
2025-03-28 00:00:00   	60762   	2   	 0.05614457   	 0.36723244   	 0.040222168   	 0.33362   	-0.05828   	 nan     	 nan  
2025-03-29 00:00:00   	60763   	3   	 0.05363917   	 0.37068286   	 0.038982391   	 0.35081   	-0.04373   	 nan     	 nan  
2025-03-30 00:00:00   	60764   	4   	 0.05176951   	 0.37362458   	 0.038002968   	 0.34029   	-0.08406   	 nan     	 nan  
2025-03-31 00:00:00   	60765   	5   	 0.05087255   	 0.37708314   	 0.036976814   	 0.30225   	-0.10817   	 nan     	 nan  
2025-04-01 00:00:00   	60766   	6   	 0.05240811   	 0.38077108   	 0.036719322   	 0.24892   	-0.19845   	 nan     	 nan  
2025-04-02 00:00:00   	60767   	7   	 0.05625531   	 0.38283794   	 0.036231995   	 0.24747   	-0.21667   	 nan     	 nan  
2025-04-03 00:00:00   	60768   	8   	 0.06006019   	 0.38327857   	 0.035604477   	 0.22890   	-0.23693   	 nan     	 nan  
2025-04-04 00:00:00   	60769   	9   	 0.06630674   	 0.38347204   	 0.035511017   	 0.21089   	-0.16900   	 nan     	 nan  
2025-04-05 00:00:00   	60770   	10   	 0.06904306   	 0.38264110   	 0.035873413   	 0.21793   	-0.14865   	 nan     	 nan  
2025-04-02 00:00:00   	60767   	0   	 0.05709246   	 0.37765459   	 0.036525249   	 0.18904   	-0.20348   	 nan     	 nan  
2025-04-03 00:00:00   	60768   	1   	 0.05511716   	 0.37904243   	 0.036375999   	 0.36004   	-0.21431   	 nan     	 nan  
2025-04-04 00:00:00   	60769   	2   	 0.05444586   	 0.38127837   	 0.036379814   	 0.28251   	-0.16300   	 nan     	 nan  
2025-04-05 00:00:00   	60770   	3   	 0.05440454   	 0.38466592   	 0.036068916   	 0.23197   	-0.12642   	 nan     	 nan  
2025-04-06 00:00:00   	60771   	4   	 0.05583880   	 0.38762425   	 0.036279678   	 0.21853   	-0.10883   	 nan     	 nan  
2025-04-07 00:00:00   	60772   	5   	 0.05831153   	 0.38953031   	 0.035568237   	 0.24404   	-0.11661   	 nan     	 nan  
2025-04-08 00:00:00   	60773   	6   	 0.06071223   	 0.39137570   	 0.035467625   	 0.29180   	-0.12234   	 nan     	 nan  
2025-04-09 00:00:00   	60774   	7   	 0.06237530   	 0.39125509   	 0.035316467   	 0.29636   	-0.15660   	 nan     	 nan  
2025-04-10 00:00:00   	60775   	8   	 0.06480231   	 0.39041875   	 0.033576965   	 0.28178   	-0.16958   	 nan     	 nan  
2025-04-11 00:00:00   	60776   	9   	 0.06502755   	 0.38953846   	 0.031974792   	 0.26171   	-0.14991   	 nan     	 nan  
2025-04-12 00:00:00   	60777   	10   	 0.06460070   	 0.38923239   	 0.031768799   	 0.26799   	-0.14147   	 nan     	 nan  
2025-04-09 00:00:00   	60774   	0   	 0.06422147   	 0.39064189   	 0.036337912   	 0.22683   	-0.15275   	 nan     	 nan  
2025-04-10 00:00:00   	60775   	1   	 0.06430063   	 0.39445457   	 0.035623074   	 0.39813   	-0.16597   	 nan     	 nan  
2025-04-11 00:00:00   	60776   	2   	 0.06418180   	 0.39657373   	 0.034722328   	 0.36306   	-0.15366   	 nan     	 nan  
2025-04-12 00:00:00   	60777   	3   	 0.06267430   	 0.39663020   	 0.033589840   	 0.29925   	-0.13340   	 nan     	 nan  
2025-04-13 00:00:00   	60778   	4   	 0.06279158   	 0.39476184   	 0.033010483   	 0.27288   	-0.10391   	 nan     	 nan  
2025-04-14 00:00:00   	60779   	5   	 0.06273758   	 0.39355147   	 0.032067299   	 0.28965   	-0.11921   	 nan     	 nan  
2025-04-15 00:00:00   	60780   	6   	 0.06286503   	 0.39236773   	 0.031761169   	 0.34888   	-0.12249   	 nan     	 nan  
2025-04-16 00:00:00   	60781   	7   	 0.06542530   	 0.39339212   	 0.031616211   	 0.36712   	-0.06384   	 nan     	 nan  
2025-04-17 00:00:00   	60782   	8   	 0.06776732   	 0.39440766   	 0.030319214   	 0.33166   	 0.06646   	 nan     	 nan  
2025-04-18 00:00:00   	60783   	9   	 0.07190853   	 0.39830516   	 0.030033112   	 0.25914   	 0.18160   	 nan     	 nan  
2025-04-19 00:00:00   	60784   	10   	 0.07434811   	 0.40258924   	 0.030479431   	 0.23321   	 0.27163   	 nan     	 nan  
2025-04-16 00:00:00   	60781   	0   	 0.06907139   	 0.39949214   	 0.033190966   	 0.26722   	-0.09500   	 nan     	 nan  
2025-04-17 00:00:00   	60782   	1   	 0.06840331   	 0.40203087   	 0.033178568   	 0.40769   	 0.07279   	 nan     	 nan  
2025-04-18 00:00:00   	60783   	2   	 0.06896558   	 0.40345904   	 0.033249378   	 0.30293   	 0.14943   	 nan     	 nan  
2025-04-19 00:00:00   	60784   	3   	 0.06855746   	 0.40367153   	 0.033064365   	 0.24341   	 0.30708   	 nan     	 nan  
2025-04-20 00:00:00   	60785   	4   	 0.06957661   	 0.40302985   	 0.033345222   	 0.14656   	 0.26298   	 nan     	 nan  
2025-04-21 00:00:00   	60786   	5   	 0.07232322   	 0.40328366   	 0.032995224   	 0.19887   	 0.18836   	 nan     	 nan  
2025-04-22 00:00:00   	60787   	6   	 0.07344860   	 0.40354583   	 0.032725811   	 0.30337   	 0.07066   	 nan     	 nan  
2025-04-23 00:00:00   	60788   	7   	 0.07692596   	 0.40663222   	 0.032876968   	 0.33674   	-0.04634   	 nan     	 nan  
2025-04-24 00:00:00   	60789   	8   	 0.07971859   	 0.40912054   	 0.030786514   	 0.32526   	-0.08114   	 nan     	 nan  
2025-04-25 00:00:00   	60790   	9   	 0.08120245   	 0.41273047   	 0.028759003   	 0.26907   	-0.02559   	 nan     	 nan  
2025-04-26 00:00:00   	60791   	10   	 0.08191339   	 0.41631113   	 0.028388977   	 0.23278   	 0.02470   	 nan     	 nan  
2025-04-23 00:00:00   	60788   	0   	 0.07577540   	 0.40727838   	 0.033940077   	 0.24365   	-0.05077   	 nan     	 nan  
2025-04-24 00:00:00   	60789   	1   	 0.07566190   	 0.40776206   	 0.033294439   	 0.37433   	-0.05065   	 nan     	 nan  
2025-04-25 00:00:00   	60790   	2   	 0.07566911   	 0.40905738   	 0.032271862   	 0.31876   	-0.01079   	 nan     	 nan  
2025-04-26 00:00:00   	60791   	3   	 0.07709709   	 0.41099754   	 0.031061649   	 0.24027   	 0.04815   	 nan     	 nan  
2025-04-27 00:00:00   	60792   	4   	 0.07917909   	 0.41354571   	 0.030200958   	 0.18198   	 0.03786   	 nan     	 nan  
2025-04-28 00:00:00   	60793   	5   	 0.08250596   	 0.41638911   	 0.029478073   	 0.22126   	 0.02418   	 nan     	 nan  
2025-04-29 00:00:00   	60794   	6   	 0.08312968   	 0.41924559   	 0.029303074   	 0.28623   	 0.03117   	 nan     	 nan  
2025-04-30 00:00:00   	60795   	7   	 0.08480876   	 0.42078235   	 0.029243469   	 0.32490   	 0.04150   	 nan     	 nan  
2025-05-01 00:00:00   	60796   	8   	 0.08343231   	 0.42164861   	 0.028543472   	 0.31373   	-0.01871   	 nan     	 nan  
2025-05-02 00:00:00   	60797   	9   	 0.08280123   	 0.42139426   	 0.028606415   	 0.26372   	-0.06964   	 nan     	 nan  
2025-05-03 00:00:00   	60798   	10   	 0.08020255   	 0.42256607   	 0.029037476   	 0.30528   	-0.09727   	 nan     	 nan  
2025-04-30 00:00:00   	60795   	0   	 0.08539719   	 0.41623894   	 0.029492617   	 0.23202   	 0.00915   	 nan     	 nan  
2025-05-01 00:00:00   	60796   	1   	 0.08784780   	 0.41752934   	 0.029518843   	 0.41467   	-0.01036   	 nan     	 nan  
2025-05-02 00:00:00   	60797   	2   	 0.08870554   	 0.41877288   	 0.029561043   	 0.35547   	-0.10829   	 nan     	 nan  
2025-05-03 00:00:00   	60798   	3   	 0.08889019   	 0.42018795   	 0.029307842   	 0.32284   	-0.12350   	 nan     	 nan  
2025-05-04 00:00:00   	60799   	4   	 0.08810421   	 0.42141121   	 0.029316902   	 0.25586   	-0.15533   	 nan     	 nan  
2025-05-05 00:00:00   	60800   	5   	 0.08649443   	 0.42240634   	 0.028359413   	 0.29980   	-0.11802   	 nan     	 nan  
2025-05-06 00:00:00   	60801   	6   	 0.08556887   	 0.42298851   	 0.028127193   	 0.29633   	-0.15739   	 nan     	 nan  
2025-05-07 00:00:00   	60802   	7   	 0.08306758   	 0.42358057   	 0.027868271   	 0.30124   	-0.15268   	 nan     	 nan  
2025-05-08 00:00:00   	60803   	8   	 0.08424990   	 0.42417198   	 0.025867462   	 0.31170   	-0.15790   	 nan     	 nan  
2025-05-09 00:00:00   	60804   	9   	 0.08646193   	 0.42537123   	 0.024246216   	 0.30728   	-0.10347   	 nan     	 nan  
2025-05-10 00:00:00   	60805   	10   	 0.08877662   	 0.42587122   	 0.024047852   	 0.31644   	-0.09103   	 nan     	 nan  
2025-05-07 00:00:00   	60802   	0   	 0.09093201   	 0.42375288   	 0.029589176   	 0.26439   	-0.13647   	 nan     	 nan  
2025-05-08 00:00:00   	60803   	1   	 0.09210762   	 0.42498182   	 0.029088497   	 0.43795   	-0.13362   	 nan     	 nan  
2025-05-09 00:00:00   	60804   	2   	 0.09289680   	 0.42576201   	 0.028457642   	 0.39366   	-0.10672   	 nan     	 nan  
2025-05-10 00:00:00   	60805   	3   	 0.09278641   	 0.42592164   	 0.027647972   	 0.35661   	-0.09894   	 nan     	 nan  
2025-05-11 00:00:00   	60806   	4   	 0.09158465   	 0.42536301   	 0.027433395   	 0.30063   	-0.07612   	 nan     	 nan  
2025-05-12 00:00:00   	60807   	5   	 0.09067078   	 0.42577976   	 0.026764870   	 0.27394   	-0.01621   	 nan     	 nan  
2025-05-13 00:00:00   	60808   	6   	 0.09134646   	 0.42614133   	 0.026954651   	 0.24037   	-0.04154   	 nan     	 nan  
2025-05-14 00:00:00   	60809   	7   	 0.09352000   	 0.42762345   	 0.027242661   	 0.21685   	 0.01758   	 nan     	 nan  
2025-05-15 00:00:00   	60810   	8   	 0.09532261   	 0.42905123   	 0.026468277   	 0.20187   	 0.02989   	 nan     	 nan  
2025-05-16 00:00:00   	60811   	9   	 0.09885528   	 0.43091463   	 0.026409149   	 0.17624   	 0.01827   	 nan     	 nan  
2025-05-17 00:00:00   	60812   	10   	 0.10063032   	 0.43252711   	 0.027137756   	 0.15635   	 0.01941   	 nan     	 nan  
2025-05-14 00:00:00   	60809   	0   	 0.09901148   	 0.42728584   	 0.028698742   	 0.15213   	 0.02205   	 nan     	 nan  
2025-05-15 00:00:00   	60810   	1   	 0.09942435   	 0.42730664   	 0.028973341   	 0.26173   	 0.02748   	 nan     	 nan  
2025-05-16 00:00:00   	60811   	2   	 0.10041264   	 0.42773493   	 0.029237747   	 0.17924   	 0.03745   	 nan     	 nan  
2025-05-17 00:00:00   	60812   	3   	 0.10071535   	 0.42877003   	 0.029294491   	 0.13861   	 0.04307   	 nan     	 nan  
2025-05-18 00:00:00   	60813   	4   	 0.10087547   	 0.42982331   	 0.029642105   	 0.09831   	 0.03996   	 nan     	 nan  
2025-05-19 00:00:00   	60814   	5   	 0.10190672   	 0.43161366   	 0.029321671   	 0.09821   	 0.03418   	 nan     	 nan  
2025-05-20 00:00:00   	60815   	6   	 0.10359996   	 0.43258730   	 0.029140949   	 0.12413   	 0.04962   	 nan     	 nan  
2025-05-21 00:00:00   	60816   	7   	 0.10583830   	 0.43397639   	 0.029415131   	 0.13420   	 0.06795   	 nan     	 nan  
2025-05-22 00:00:00   	60817   	8   	 0.10862912   	 0.43360271   	 0.027378082   	 0.18513   	 0.08484   	 nan     	 nan  
2025-05-23 00:00:00   	60818   	9   	 0.11302939   	 0.43380020   	 0.025463104   	 0.22208   	 0.08893   	 nan     	 nan  
2025-05-24 00:00:00   	60819   	10   	 0.11409746   	 0.43317844   	 0.025321960   	 0.29331   	 0.09997   	 nan     	 nan  
2025-05-21 00:00:00   	60816   	0   	 0.10461329   	 0.43290124   	 0.030151010   	 0.14278   	 0.03861   	 nan     	 nan  
2025-05-22 00:00:00   	60817   	1   	 0.10419250   	 0.43389386   	 0.029581070   	 0.31945   	 0.06805   	 nan     	 nan  
2025-05-23 00:00:00   	60818   	2   	 0.10396169   	 0.43485114   	 0.028718948   	 0.32547   	 0.03156   	 nan     	 nan  
2025-05-24 00:00:00   	60819   	3   	 0.10402585   	 0.43571350   	 0.027671814   	 0.34908   	 0.05989   	 nan     	 nan  
2025-05-25 00:00:00   	60820   	4   	 0.10512597   	 0.43606731   	 0.027058601   	 0.32688   	 0.05134   	 nan     	 nan  
2025-05-26 00:00:00   	60821   	5   	 0.10713138   	 0.43655171   	 0.026576042   	 0.30228   	 0.04878   	 nan     	 nan  
2025-05-27 00:00:00   	60822   	6   	 0.11019055   	 0.43650886   	 0.026565552   	 0.25018   	 0.02933   	 nan     	 nan  
2025-05-28 00:00:00   	60823   	7   	 0.11293729   	 0.43608580   	 0.026754379   	 0.25955   	-0.01882   	 nan     	 nan  
2025-05-29 00:00:00   	60824   	8   	 0.11500967   	 0.43622598   	 0.026115417   	 0.24530   	-0.03212   	 nan     	 nan  
2025-05-30 00:00:00   	60825   	9   	 0.11615292   	 0.43646223   	 0.025955200   	 0.27067   	-0.05891   	 nan     	 nan  
2025-05-31 00:00:00   	60826   	10   	 0.11609382   	 0.43694650   	 0.026481628   	 0.27384   	-0.09245   	 nan     	 nan  
2025-05-28 00:00:00   	60823   	0   	 0.11140246   	 0.43816556   	 0.027605534   	 0.23395   	-0.01695   	 nan     	 nan  
2025-05-29 00:00:00   	60824   	1   	 0.11176233   	 0.43923751   	 0.027891159   	 0.40806   	-0.08917   	 nan     	 nan  
2025-05-30 00:00:00   	60825   	2   	 0.11249339   	 0.43975316   	 0.028120518   	 0.35232   	-0.13100   	 nan     	 nan  
2025-05-31 00:00:00   	60826   	3   	 0.11304774   	 0.43972618   	 0.028007030   	 0.30455   	-0.15166   	 nan     	 nan  
2025-06-01 00:00:00   	60827   	4   	 0.11346347   	 0.43945754   	 0.028142929   	 0.25491   	-0.17590   	 nan     	 nan  
2025-06-02 00:00:00   	60828   	5   	 0.11401268   	 0.43951078   	 0.027346611   	 0.25330   	-0.12592   	 nan     	 nan  
2025-06-03 00:00:00   	60829   	6   	 0.11438787   	 0.43951186   	 0.027358532   	 0.20465   	-0.11057   	 nan     	 nan  
2025-06-04 00:00:00   	60830   	7   	 0.11528433   	 0.43976188   	 0.027446747   	 0.22133   	-0.06703   	 nan     	 nan  
2025-06-05 00:00:00   	60831   	8   	 0.11733092   	 0.44047306   	 0.025667191   	 0.16553   	-0.06492   	 nan     	 nan  
2025-06-06 00:00:00   	60832   	9   	 0.11825488   	 0.44187731   	 0.024593353   	 0.20192   	-0.04514   	 nan     	 nan  
2025-06-07 00:00:00   	60833   	10   	 0.11947408   	 0.44314890   	 0.024906158   	 0.17773   	-0.06426   	 nan     	 nan  
2025-06-04 00:00:00   	60830   	0   	 0.11585512   	 0.43836617   	 0.028725803   	 0.13890   	-0.01643   	 nan     	 nan  
2025-06-05 00:00:00   	60831   	1   	 0.11583848   	 0.43808609   	 0.028542519   	 0.28285   	-0.01074   	 nan     	 nan  
2025-06-06 00:00:00   	60832   	2   	 0.11574462   	 0.43790815   	 0.028271675   	 0.24005   	-0.02986   	 nan     	 nan  
2025-06-07 00:00:00   	60833   	3   	 0.11598517   	 0.43855263   	 0.027811050   	 0.17472   	-0.03487   	 nan     	 nan  
2025-06-08 00:00:00   	60834   	4   	 0.11758483   	 0.43991139   	 0.027993202   	 0.16174   	-0.08749   	 nan     	 nan  
2025-06-09 00:00:00   	60835   	5   	 0.11931978   	 0.44067854   	 0.027568817   	 0.17143   	-0.10520   	 nan     	 nan  
2025-06-10 00:00:00   	60836   	6   	 0.12099823   	 0.44143587   	 0.028134346   	 0.21004   	-0.12141   	 nan     	 nan  
2025-06-11 00:00:00   	60837   	7   	 0.12214971   	 0.44179051   	 0.028686523   	 0.20973   	-0.06472   	 nan     	 nan  
2025-06-12 00:00:00   	60838   	8   	 0.12314024   	 0.44092110   	 0.028104782   	 0.19048   	-0.06130   	 nan     	 nan  
2025-06-13 00:00:00   	60839   	9   	 0.12354362   	 0.44042159   	 0.027969360   	 0.15444   	-0.04119   	 nan     	 nan  
2025-06-14 00:00:00   	60840   	10   	 0.12211365   	 0.43894977   	 0.028869629   	 0.16762   	 0.01407   	 nan     	 nan  
2025-06-11 00:00:00   	60837   	0   	 0.12714768   	 0.44242377   	 0.030765831   	 0.21293   	-0.11884   	 0.33045   	-0.08358
2025-06-12 00:00:00   	60838   	1   	 0.12741768   	 0.44262294   	 0.031634808   	 0.32463   	-0.12022   	 0.36555   	-0.03663
2025-06-13 00:00:00   	60839   	2   	 0.12786682   	 0.44274165   	 0.032419205   	 0.30410   	-0.11140   	 0.36612   	 0.03425
2025-06-14 00:00:00   	60840   	3   	 0.12746906   	 0.44299198   	 0.032911777   	 0.25397   	-0.04184   	 0.36908   	 0.08445
2025-06-15 00:00:00   	60841   	4   	 0.12818490   	 0.44353545   	 0.033797264   	 0.18598   	 0.02418   	 0.35034   	 0.12794
2025-06-16 00:00:00   	60842   	5   	 0.12952828   	 0.44372742   	 0.033766747   	 0.19846   	 0.07849   	 0.33706   	 0.12872
2025-06-17 00:00:00   	60843   	6   	 0.13013898   	 0.44401799   	 0.034125328   	 0.21988   	 0.08532   	 0.35864   	 0.11134
2025-06-18 00:00:00   	60844   	7   	 0.13106397   	 0.44335510   	 0.034683228   	 0.21466   	 0.10741   	 0.38220   	 0.08460
2025-06-19 00:00:00   	60845   	8   	 0.13266318   	 0.44326101   	 0.033206940   	 0.24636   	 0.12554   	 0.35013   	 0.06010
2025-06-20 00:00:00   	60846   	9   	 0.13548844   	 0.44252756   	 0.031967163   	 0.24911   	 0.13173   	 0.33567   	 0.02410
2025-06-21 00:00:00   	60847   	10   	 0.13724478   	 0.44281594   	 0.032295227   	 0.27663   	 0.12204   	 0.36840   	-0.00061
2025-06-18 00:00:00   	60844   	0   	 0.14051422   	 0.44306915   	 0.035000503   	 0.17221   	 0.12084   	 0.28939   	 0.08428
2025-06-19 00:00:00   	60845   	1   	 0.14134036   	 0.44320984   	 0.034782171   	 0.29144   	 0.14490   	 0.25303   	 0.05258
2025-06-20 00:00:00   	60846   	2   	 0.14155515   	 0.44324868   	 0.034287453   	 0.28425   	 0.13174   	 0.25441   	 0.01263
2025-06-21 00:00:00   	60847   	3   	 0.14158127   	 0.44255840   	 0.033667326   	 0.27794   	 0.12387   	 0.28906   	 0.00814
2025-06-22 00:00:00   	60848   	4   	 0.14219895   	 0.44211047   	 0.033559799   	 0.23932   	 0.09735   	 0.30357   	-0.01478
2025-06-23 00:00:00   	60849   	5   	 0.14363889   	 0.44208685   	 0.033472061   	 0.27698   	 0.08563   	 0.32507   	-0.04179
2025-06-24 00:00:00   	60850   	6   	 0.14579750   	 0.44239002   	 0.033922195   	 0.27830   	 0.08249   	 0.35712   	-0.03658
2025-06-25 00:00:00   	60851   	7   	 0.14939054   	 0.44197010   	 0.034442902   	 0.29751   	 0.03140   	 0.37974   	-0.04028
2025-06-26 00:00:00   	60852   	8   	 0.15309268   	 0.44162449   	 0.034118652   	 0.28405   	 0.05349   	 0.40514   	-0.04426
2025-06-27 00:00:00   	60853   	9   	 0.15825855   	 0.44192143   	 0.034183502   	 0.30761   	 0.01916   	 0.40965   	-0.06062
2025-06-28 00:00:00   	60854   	10   	 0.16257526   	 0.44221459   	 0.034889221   	 0.32322   	 0.00435   	 0.42186   	-0.05364
2025-06-25 00:00:00   	60851   	0   	 0.15065024   	 0.44143619   	 0.037917912   	 0.23210   	-0.01894   	 0.41704   	-0.05656
2025-06-26 00:00:00   	60852   	1   	 0.15053133   	 0.44146403   	 0.039109230   	 0.40566   	-0.00367   	 0.43051   	-0.07646
2025-06-27 00:00:00   	60853   	2   	 0.15091919   	 0.44169541   	 0.040138721   	 0.36137   	-0.02804   	 0.43810   	-0.08815
2025-06-28 00:00:00   	60854   	3   	 0.15288258   	 0.44171301   	 0.040760994   	 0.32817   	-0.06325   	 0.48707   	-0.07373
2025-06-29 00:00:00   	60855   	4   	 0.15705292   	 0.44211756   	 0.041577339   	 0.25148   	-0.10603   	 0.49633   	-0.07271
2025-06-30 00:00:00   	60856   	5   	 0.16097932   	 0.44198589   	 0.041467667   	 0.25314   	-0.08786   	 0.45482   	-0.07266
2025-07-01 00:00:00   	60857   	6   	 0.16470319   	 0.44204245   	 0.042273998   	 0.21378   	-0.06345   	 0.42447   	-0.06292
2025-07-02 00:00:00   	60858   	7   	 0.16864974   	 0.44168838   	 0.043004990   	 0.20227   	-0.05555   	 0.39767   	-0.06767
2025-07-03 00:00:00   	60859   	8   	 0.17171990   	 0.44028830   	 0.042179108   	 0.21624   	-0.07821   	 0.38742   	-0.08726
2025-07-04 00:00:00   	60860   	9   	 0.17221461   	 0.44030353   	 0.041721344   	 0.22153   	-0.15320   	 0.39434   	-0.09827
2025-07-05 00:00:00   	60861   	10   	 0.17143219   	 0.43840005   	 0.042793274   	 0.23076   	-0.17370   	 0.38962   	-0.11661
2025-07-02 00:00:00   	60858   	0   	 0.16264581   	 0.43937025   	 0.043830872   	 0.23269   	-0.05522   	 0.41288   	-0.07045
2025-07-03 00:00:00   	60859   	1   	 0.16289755   	 0.43884252   	 0.044332981   	 0.38622   	-0.11277   	 0.37696   	-0.07816
2025-07-04 00:00:00   	60860   	2   	 0.16450190   	 0.43890968   	 0.044747353   	 0.34611   	-0.15242   	 0.35110   	-0.08923
2025-07-05 00:00:00   	60861   	3   	 0.16752524   	 0.43889157   	 0.044971943   	 0.30289   	-0.17206   	 0.37311   	-0.11416
2025-07-06 00:00:00   	60862   	4   	 0.17132481   	 0.43905850   	 0.045935631   	 0.25204   	-0.24214   	 0.38714   	-0.13126
2025-07-07 00:00:00   	60863   	5   	 0.17392732   	 0.43877938   	 0.046387672   	 0.22635   	-0.24372   	 0.33579   	-0.11892
2025-07-08 00:00:00   	60864   	6   	 0.17594139   	 0.43824404   	 0.047759533   	 0.22685   	-0.22581   	 0.32280   	-0.11159
2025-07-09 00:00:00   	60865   	7   	 0.17663120   	 0.43711030   	 0.049039841   	 0.25151   	-0.14418   	 0.34474   	-0.07965
2025-07-10 00:00:00   	60866   	8   	 0.17588309   	 0.43550260   	 0.049491882   	 0.25588   	-0.04942   	 0.37734   	-0.04807
2025-07-11 00:00:00   	60867   	9   	 0.17352369   	 0.43391550   	 0.049774170   	 0.30062   	 0.03489   	 0.44334   	-0.02286
2025-07-12 00:00:00   	60868   	10   	 0.17049585   	 0.43254434   	 0.051277161   	 0.35020   	 0.13963   	 0.47993   	 0.01728
2025-07-09 00:00:00   	60865   	0   	 0.17552631   	 0.43825418   	 0.050337493   	 0.23378   	-0.15065   	 0.34551   	-0.07579
2025-07-10 00:00:00   	60866   	1   	 0.17749265   	 0.43829394   	 0.051683187   	 0.42676   	-0.07154   	 0.36206   	-0.04821
2025-07-11 00:00:00   	60867   	2   	 0.17842621   	 0.43745997   	 0.052868843   	 0.39235   	-0.00753   	 0.40285   	-0.00408
2025-07-12 00:00:00   	60868   	3   	 0.17854316   	 0.43615343   	 0.053587914   	 0.41956   	 0.02524   	 0.47148   	 0.03291
2025-07-13 00:00:00   	60869   	4   	 0.17750375   	 0.43432214   	 0.054670334   	 0.41371   	 0.05309   	 0.50873   	 0.01880
2025-07-14 00:00:00   	60870   	5   	 0.17633035   	 0.43283656   	 0.054594040   	 0.38955   	 0.04560   	 0.49209   	-0.03291
2025-07-15 00:00:00   	60871   	6   	 0.17567334   	 0.43156023   	 0.055265427   	 0.42071   	 0.00930   	 0.45930   	-0.06545
2025-07-16 00:00:00   	60872   	7   	 0.17497704   	 0.43079396   	 0.055864334   	 0.38953   	-0.02331   	 0.44046   	-0.11003
2025-07-17 00:00:00   	60873   	8   	 0.17575068   	 0.43158106   	 0.054845810   	 0.34577   	-0.03998   	 0.39297   	-0.11656
2025-07-18 00:00:00   	60874   	9   	 0.17773247   	 0.43175640   	 0.053848267   	 0.33611   	-0.03713   	 0.37806   	-0.10782
2025-07-19 00:00:00   	60875   	10   	 0.17993970   	 0.43248410   	 0.054950714   	 0.30564   	-0.02209   	 0.34405   	-0.08825
2025-07-16 00:00:00   	60872   	0   	 0.18672948   	 0.43565650   	 0.055598140   	 0.28907   	-0.02959   	 0.42684   	-0.11770
2025-07-17 00:00:00   	60873   	1   	 0.18832591   	 0.43516951   	 0.055429220   	 0.42315   	-0.01840   	 0.38459   	-0.13594
2025-07-18 00:00:00   	60874   	2   	 0.18870385   	 0.43434954   	 0.055264950   	 0.38816   	-0.03429   	 0.37805   	-0.12246
2025-07-19 00:00:00   	60875   	3   	 0.18813209   	 0.43353212   	 0.054834366   	 0.32749   	-0.00343   	 0.34700   	-0.08337
2025-07-20 00:00:00   	60876   	4   	 0.18737564   	 0.43265572   	 0.055353165   	 0.24709   	-0.01959   	 0.35460   	-0.09670
2025-07-21 00:00:00   	60877   	5   	 0.18683497   	 0.43269498   	 0.055773735   	 0.25898   	-0.03076   	 0.36498   	-0.10432
2025-07-22 00:00:00   	60878   	6   	 0.18762562   	 0.43208576   	 0.056648731   	 0.29632   	-0.04622   	 0.35772   	-0.11587
2025-07-23 00:00:00   	60879   	7   	 0.19050336   	 0.43233954   	 0.057769775   	 0.29690   	-0.05810   	 0.36748   	-0.16133
2025-07-24 00:00:00   	60880   	8   	 0.19377826   	 0.43339379   	 0.057872772   	 0.30646   	-0.09717   	 0.45301   	-0.20208
2025-07-25 00:00:00   	60881   	9   	 0.19945674   	 0.43380190   	 0.057674408   	 0.35289   	-0.17582   	 0.49391   	-0.24817
2025-07-26 00:00:00   	60882   	10   	 0.20452255   	 0.43442977   	 0.058925629   	 0.40663   	-0.18431   	 0.50137   	-0.25542
2025-07-23 00:00:00   	60879   	0   	 0.19630925   	 0.43248701   	 0.059182048   	 0.28181   	-0.04425   	 0.36941   	-0.17275
2025-07-24 00:00:00   	60880   	1   	 0.19696006   	 0.43128361   	 0.059960127   	 0.45211   	-0.11179   	 0.38978   	-0.21998
2025-07-25 00:00:00   	60881   	2   	 0.19794415   	 0.43061071   	 0.060578823   	 0.42096   	-0.14924   	 0.42375   	-0.25990
2025-07-26 00:00:00   	60882   	3   	 0.19959237   	 0.43111546   	 0.060608387   	 0.39761   	-0.18476   	 0.48168   	-0.26939
2025-07-27 00:00:00   	60883   	4   	 0.20182299   	 0.43196145   	 0.061177254   	 0.32905   	-0.17253   	 0.48934   	-0.24561
2025-07-28 00:00:00   	60884   	5   	 0.20363306   	 0.43331256   	 0.060693741   	 0.36783   	-0.10440   	 0.46311   	-0.20028
2025-07-29 00:00:00   	60885   	6   	 0.20645776   	 0.43398014   	 0.060899258   	 0.34472   	-0.06649   	 0.43574   	-0.14360
2025-07-30 00:00:00   	60886   	7   	 0.21115699   	 0.43343072   	 0.061473846   	 0.33864   	 0.02928   	 0.42157   	-0.07693
2025-07-31 00:00:00   	60887   	8   	 0.21440005   	 0.43238196   	 0.060058594   	 0.31648   	 0.05560   	 0.39606   	-0.04918
2025-08-01 00:00:00   	60888   	9   	 0.21852395   	 0.43059432   	 0.059238434   	 0.31752   	 0.10430   	 0.40699   	-0.02816
2025-08-02 00:00:00   	60889   	10   	 0.22176508   	 0.42984873   	 0.060752869   	 0.30377   	 0.12499   	 0.38660   	-0.01415
2025-08-06 00:00:00   	60893   	0   	 0.21531282   	 0.42207862   	 0.067321241   	 0.14358   	 0.05692   	 0.25928   	-0.05186
2025-08-07 00:00:00   	60894   	1   	 0.21706928   	 0.42182165   	 0.068536282   	 0.23171   	 0.03810   	 0.29803   	-0.06585
2025-08-08 00:00:00   	60895   	2   	 0.21991844   	 0.42189283   	 0.069436073   	 0.25294   	 0.02535   	 0.36625   	-0.07020
2025-08-09 00:00:00   	60896   	3   	 0.22070011   	 0.42142730   	 0.069773674   	 0.29745   	 0.02000   	 0.40151   	-0.06624
2025-08-10 00:00:00   	60897   	4   	 0.22102815   	 0.42046363   	 0.070531845   	 0.29829   	-0.00896   	 0.43037   	-0.07365
2025-08-11 00:00:00   	60898   	5   	 0.22097394   	 0.41897085   	 0.070136070   	 0.29358   	 0.00036   	 0.42497   	-0.08648
2025-08-12 00:00:00   	60899   	6   	 0.22081136   	 0.41733343   	 0.070438385   	 0.32607   	-0.00203   	 0.40145   	-0.10214
2025-08-13 00:00:00   	60900   	7   	 0.22039457   	 0.41533639   	 0.070732117   	 0.34148   	-0.03274   	 0.37269   	-0.12233
2025-08-14 00:00:00   	60901   	8   	 0.21972436   	 0.41344546   	 0.069423676   	 0.34251   	 0.00436   	 0.40010   	-0.13424
2025-08-15 00:00:00   	60902   	9   	 0.22133641   	 0.41104581   	 0.068626404   	 0.32895   	-0.05223   	 0.42458   	-0.13277
2025-08-16 00:00:00   	60903   	10   	 0.22278755   	 0.40943619   	 0.069992065   	 0.34169   	 0.03856   	 0.40161   	-0.09691
2025-08-13 00:00:00   	60900   	0   	 0.21893025   	 0.41340694   	 0.072043538   	 0.26878   	-0.03259   	 0.38743   	-0.12029
2025-08-14 00:00:00   	60901   	1   	 0.21990859   	 0.41266186   	 0.072135687   	 0.38396   	-0.02570   	 0.37403   	-0.14413
2025-08-15 00:00:00   	60902   	2   	 0.21968594   	 0.41197233   	 0.072247505   	 0.37836   	-0.08859   	 0.40069   	-0.13629
2025-08-16 00:00:00   	60903   	3   	 0.22112155   	 0.41070013   	 0.072107792   	 0.35983   	-0.01046   	 0.39303   	-0.10265
2025-08-17 00:00:00   	60904   	4   	 0.22124916   	 0.40881933   	 0.072915077   	 0.28251   	-0.02858   	 0.40536   	-0.12136
2025-08-18 00:00:00   	60905   	5   	 0.22262084   	 0.40714195   	 0.073261261   	 0.30216   	-0.02704   	 0.41427   	-0.08747
2025-08-19 00:00:00   	60906   	6   	 0.22291510   	 0.40498787   	 0.073978424   	 0.31289   	-0.00903   	 0.36730   	-0.07911
2025-08-20 00:00:00   	60907   	7   	 0.22515433   	 0.40211451   	 0.075017929   	 0.32165   	-0.00241   	 0.34837   	-0.08065
2025-08-21 00:00:00   	60908   	8   	 0.22376034   	 0.40063491   	 0.074546814   	 0.33470   	-0.00229   	 0.40941   	-0.07832
2025-08-22 00:00:00   	60909   	9   	 0.22221910   	 0.39923060   	 0.073749542   	 0.37795   	-0.01111   	 0.45123   	-0.07499
2025-08-23 00:00:00   	60910   	10   	 0.22132693   	 0.39806000   	 0.074680328   	 0.39030   	-0.01967   	 0.47969   	-0.08240
2025-08-20 00:00:00   	60907   	0   	 0.22411670   	 0.40530138   	 0.076586068   	 0.28899   	-0.01470   	 0.35676   	-0.07497
2025-08-21 00:00:00   	60908   	1   	 0.22482004   	 0.40480860   	 0.077385426   	 0.43194   	-0.03684   	 0.37499   	-0.06756
2025-08-22 00:00:00   	60909   	2   	 0.22524015   	 0.40376183   	 0.077903748   	 0.38755   	-0.02268   	 0.44488   	-0.06649
2025-08-23 00:00:00   	60910   	3   	 0.22491547   	 0.40189448   	 0.077845097   	 0.39664   	-0.06150   	 0.47121   	-0.06293
2025-08-24 00:00:00   	60911   	4   	 0.22548373   	 0.39935130   	 0.078125954   	 0.36652   	-0.07474   	 0.47453   	-0.08584
2025-08-25 00:00:00   	60912   	5   	 0.22491544   	 0.39693470   	 0.077627182   	 0.35794   	-0.07010   	 0.47172   	-0.12072
2025-08-26 00:00:00   	60913   	6   	 0.22524582   	 0.39516834   	 0.077916145   	 0.26834   	-0.09972   	 0.42866   	-0.13482
2025-08-27 00:00:00   	60914   	7   	 0.22504178   	 0.39316565   	 0.078302383   	 0.31518   	-0.09884   	 0.36892   	-0.16492
2025-08-28 00:00:00   	60915   	8   	 0.22491693   	 0.39307280   	 0.077362061   	 0.26053   	-0.05567   	 0.35287   	-0.17104
2025-08-29 00:00:00   	60916   	9   	 0.22556236   	 0.39299604   	 0.077007294   	 0.21569   	-0.05534   	 0.33975   	-0.16492
2025-08-30 00:00:00   	60917   	10   	 0.22601617   	 0.39374867   	 0.078407288   	 0.21228   	-0.02528   	 0.32066   	-0.15466
2025-08-27 00:00:00   	60914   	0   	 0.23195351   	 0.39538896   	 0.080997586   	 0.28118   	-0.07419   	 0.39432   	-0.14756
2025-08-28 00:00:00   	60915   	1   	 0.23233903   	 0.39371623   	 0.081527233   	 0.32110   	-0.09817   	 0.32483   	-0.14752
2025-08-29 00:00:00   	60916   	2   	 0.23250255   	 0.39206006   	 0.082161903   	 0.25878   	-0.09319   	 0.29977   	-0.14676
2025-08-30 00:00:00   	60917   	3   	 0.23212660   	 0.39023748   	 0.082461119   	 0.22313   	-0.04549   	 0.32442   	-0.13475
2025-08-31 00:00:00   	60918   	4   	 0.23295343   	 0.38843928   	 0.083805084   	 0.20530   	-0.04816   	 0.32156   	-0.10307
2025-09-01 00:00:00   	60919   	5   	 0.23214871   	 0.38711345   	 0.084592819   	 0.19839   	-0.03237   	 0.32615   	-0.06764
2025-09-02 00:00:00   	60920   	6   	 0.23406104   	 0.38622744   	 0.086038589   	 0.21132   	 0.00161   	 0.35419   	-0.02601
2025-09-03 00:00:00   	60921   	7   	 0.23522771   	 0.38530496   	 0.087623596   	 0.21546   	 0.06252   	 0.35345   	-0.00932
2025-09-04 00:00:00   	60922   	8   	 0.23517587   	 0.38483863   	 0.087928772   	 0.25711   	 0.02375   	 0.38221   	-0.00738
2025-09-05 00:00:00   	60923   	9   	 0.23937910   	 0.38434659   	 0.087482452   	 0.31134   	-0.04163   	 0.44337   	-0.01220
2025-09-06 00:00:00   	60924   	10   	 0.24210954   	 0.38384366   	 0.089038849   	 0.33989   	-0.02415   	 0.48869   	-0.02736
2025-09-03 00:00:00   	60921   	0   	 0.23456099   	 0.38779838   	 0.086568952   	 0.28536   	 0.00990   	 0.35155   	-0.01969
2025-09-04 00:00:00   	60922   	1   	 0.23469341   	 0.38596939   	 0.087415457   	 0.34638   	-0.04280   	 0.36591   	-0.02327
2025-09-05 00:00:00   	60923   	2   	 0.23446283   	 0.38424061   	 0.087946892   	 0.37759   	-0.08239   	 0.37943   	-0.02719
2025-09-06 00:00:00   	60924   	3   	 0.23458302   	 0.38326109   	 0.087894440   	 0.40066   	-0.11194   	 0.44426   	-0.03547
2025-09-07 00:00:00   	60925   	4   	 0.23580795   	 0.38252654   	 0.088252068   	 0.37916   	-0.11439   	 0.44785   	-0.02320
2025-09-08 00:00:00   	60926   	5   	 0.23614847   	 0.38267691   	 0.087525368   	 0.37473   	-0.05401   	 0.36659   	-0.01566
2025-09-09 00:00:00   	60927   	6   	 0.23832025   	 0.38247267   	 0.087560654   	 0.29881   	 0.00140   	 0.29692   	 0.00215
2025-09-10 00:00:00   	60928   	7   	 0.24043092   	 0.38162827   	 0.087476730   	 0.22604   	 0.03082   	 0.24041   	 0.02640
2025-09-11 00:00:00   	60929   	8   	 0.24271807   	 0.38085189   	 0.086164474   	 0.18993   	 0.11998   	 0.16246   	 0.04515
2025-09-12 00:00:00   	60930   	9   	 0.24149996   	 0.37989399   	 0.085391998   	 0.11928   	 0.18720   	 0.13112   	 0.07223
2025-09-13 00:00:00   	60931   	10   	 0.24387681   	 0.37891968   	 0.086570740   	 0.14811   	 0.26729   	 0.12150   	 0.09294
2025-09-10 00:00:00   	60928   	0   	 0.23389942   	 0.37788192   	 0.087853253   	 0.21886   	 0.07400   	 0.23411   	 0.01651
2025-09-11 00:00:00   	60929   	1   	 0.23307425   	 0.37611155   	 0.087479591   	 0.19804   	 0.13855   	 0.14655   	 0.03539
2025-09-12 00:00:00   	60930   	2   	 0.23321626   	 0.37491034   	 0.087300301   	 0.13294   	 0.21134   	 0.09396   	 0.06464
2025-09-13 00:00:00   	60931   	3   	 0.23493346   	 0.37489819   	 0.086790800   	 0.13589   	 0.21464   	 0.11776   	 0.09391
2025-09-14 00:00:00   	60932   	4   	 0.23701053   	 0.37449679   	 0.087408066   	 0.13475   	 0.25600   	 0.17607   	 0.08201
2025-09-15 00:00:00   	60933   	5   	 0.23849590   	 0.37473532   	 0.087454796   	 0.17884   	 0.19520   	 0.23974   	 0.02829
2025-09-16 00:00:00   	60934   	6   	 0.23953941   	 0.37405310   	 0.087990761   	 0.25694   	 0.11158   	 0.32823   	-0.03481
2025-09-17 00:00:00   	60935   	7   	 0.23853889   	 0.37283908   	 0.088865280   	 0.29382   	 0.01939   	 0.41770   	-0.08721
2025-09-18 00:00:00   	60936   	8   	 0.23752067   	 0.37028694   	 0.088121414   	 0.31142   	 0.00535   	 0.42912   	-0.11493
2025-09-19 00:00:00   	60937   	9   	 0.23322070   	 0.36754823   	 0.087070465   	 0.30972   	-0.02917   	 0.44045   	-0.11015
2025-09-20 00:00:00   	60938   	10   	 0.23048746   	 0.36469502   	 0.087944031   	 0.29149   	-0.01027   	 0.41406   	-0.11839
2025-09-17 00:00:00   	60935   	0   	 0.23442549   	 0.36649586   	 0.090092957   	 0.26518   	 0.02778   	 0.40775   	-0.07619
2025-09-18 00:00:00   	60936   	1   	 0.23497415   	 0.36538482   	 0.090435028   	 0.31187   	-0.05186   	 0.41263   	-0.10034
2025-09-19 00:00:00   	60937   	2   	 0.23586743   	 0.36461273   	 0.090547562   	 0.27824   	-0.01340   	 0.38503   	-0.09893
2025-09-20 00:00:00   	60938   	3   	 0.23600522   	 0.36408181   	 0.090071678   	 0.29570   	 0.00580   	 0.39652   	-0.10571
2025-09-21 00:00:00   	60939   	4   	 0.23577709   	 0.36295787   	 0.090106010   	 0.28042   	-0.01566   	 0.39773   	-0.10080
2025-09-22 00:00:00   	60940   	5   	 0.23411689   	 0.36135678   	 0.089499474   	 0.30003   	-0.05294   	 0.37778   	-0.09360
2025-09-23 00:00:00   	60941   	6   	 0.23174952   	 0.35955825   	 0.089432240   	 0.30089   	 0.00435   	 0.38655   	-0.06935
2025-09-24 00:00:00   	60942   	7   	 0.22811515   	 0.35753067   	 0.089605331   	 0.31901   	 0.00271   	 0.40718   	-0.05727
2025-09-25 00:00:00   	60943   	8   	 0.22493168   	 0.35369670   	 0.088321686   	 0.32016   	-0.00962   	 0.36731   	-0.02621
2025-09-26 00:00:00   	60944   	9   	 0.22371593   	 0.35027953   	 0.087657928   	 0.26021   	-0.06232   	 0.35522   	-0.01736
2025-09-27 00:00:00   	60945   	10   	 0.22328330   	 0.34680875   	 0.088867188   	 0.22339   	-0.04616   	 0.32252   	-0.01503
2025-09-24 00:00:00   	60942   	0   	 0.23207360   	 0.35492858   	 0.089487314   	 0.34769   	-0.04116   	 0.42425   	-0.04685
2025-09-25 00:00:00   	60943   	1   	 0.23365201   	 0.35396661   	 0.089415073   	 0.38307   	-0.08357   	 0.36564   	-0.02328
2025-09-26 00:00:00   	60944   	2   	 0.23367411   	 0.35261715   	 0.089450836   	 0.33987   	-0.07959   	 0.30630   	-0.01538
2025-09-27 00:00:00   	60945   	3   	 0.23219314   	 0.35062075   	 0.089063644   	 0.25114   	-0.07954   	 0.30509   	-0.00958
2025-09-28 00:00:00   	60946   	4   	 0.22914550   	 0.34815595   	 0.089804649   	 0.23022   	-0.08013   	 0.31662   	-0.01603
2025-09-29 00:00:00   	60947   	5   	 0.22497989   	 0.34522729   	 0.090003014   	 0.19891   	-0.10358   	 0.29095   	-0.03250
2025-09-30 00:00:00   	60948   	6   	 0.22333729   	 0.34275572   	 0.090531349   	 0.21062   	-0.09167   	 0.29759   	-0.03522
2025-10-01 00:00:00   	60949   	7   	 0.22075781   	 0.34005758   	 0.091123581   	 0.24959   	 0.00162   	 0.35150   	-0.03645
2025-10-02 00:00:00   	60950   	8   	 0.22043401   	 0.33721293   	 0.090511322   	 0.31042   	 0.01716   	 0.39251   	 0.00138
2025-10-03 00:00:00   	60951   	9   	 0.22162971   	 0.33491246   	 0.089500427   	 0.33287   	 0.06930   	 0.45712   	 0.06762
2025-10-04 00:00:00   	60952   	10   	 0.22341126   	 0.33300603   	 0.090152740   	 0.39168   	 0.12050   	 0.48019   	 0.09349
2025-10-15 00:00:00   	60963   	0   	 0.20554729   	 0.32427572   	 0.094300330   	 0.38552   	 0.11170   	 0.47100   	 0.07621
2025-10-16 00:00:00   	60964   	1   	 0.20495158   	 0.32164298   	 0.094424248   	 0.37970   	 0.03578   	 0.43902   	 0.08161
2025-10-17 00:00:00   	60965   	2   	 0.20432473   	 0.31933399   	 0.094195366   	 0.36375   	 0.07199   	 0.38942   	 0.08318
2025-10-18 00:00:00   	60966   	3   	 0.20310597   	 0.31817412   	 0.093594551   	 0.30448   	-0.01981   	 0.38767   	 0.04723
2025-10-19 00:00:00   	60967   	4   	 0.20091690   	 0.31818399   	 0.093212128   	 0.30296   	-0.05128   	 0.41044   	 0.04517
2025-10-20 00:00:00   	60968   	5   	 0.19837446   	 0.31827177   	 0.092452049   	 0.34026   	-0.08963   	 0.41686   	 0.01703
2025-10-21 00:00:00   	60969   	6   	 0.19590892   	 0.31923796   	 0.092411518   	 0.36890   	-0.09328   	 0.45705   	-0.02889
2025-10-22 00:00:00   	60970   	7   	 0.19213786   	 0.31969115   	 0.092449188   	 0.37165   	-0.08797   	 0.49692   	-0.06087
2025-10-23 00:00:00   	60971   	8   	 0.18993252   	 0.32005123   	 0.091554642   	 0.37979   	-0.08202   	 0.44538   	-0.07490
2025-10-24 00:00:00   	60972   	9   	 0.18705400   	 0.31961708   	 0.091072083   	 0.30369   	-0.08937   	 0.42746   	-0.09177
2025-10-25 00:00:00   	60973   	10   	 0.18591017   	 0.31965975   	 0.091964722   	 0.28246   	-0.02852   	 0.37210   	-0.07851
2025-11-05 00:00:00   	60984   	0   	 0.17052014   	 0.31758877   	 0.089161813   	 0.38657   	 0.03110   	 0.42204   	 0.02406
2025-11-06 00:00:00   	60985   	1   	 0.16959951   	 0.31625730   	 0.088487864   	 0.41134   	 0.03217   	 0.40009   	 0.05365
2025-11-07 00:00:00   	60986   	2   	 0.16824091   	 0.31635173   	 0.088177204   	 0.43054   	 0.06032   	 0.34216   	 0.10379
2025-11-08 00:00:00   	60987   	3   	 0.16584535   	 0.31865651   	 0.087568521   	 0.42417   	 0.03201   	 0.34507   	 0.12400
2025-11-09 00:00:00   	60988   	4   	 0.16324001   	 0.32033093   	 0.087933540   	 0.40899   	 0.06629   	 0.35545   	 0.13623
2025-11-10 00:00:00   	60989   	5   	 0.16129844   	 0.32237937   	 0.087482452   	 0.39415   	 0.02505   	 0.35459   	 0.11482
2025-11-11 00:00:00   	60990   	6   	 0.15903891   	 0.32194752   	 0.087587357   	 0.41462   	-0.00715   	 0.38683   	 0.06793
2025-11-12 00:00:00   	60991   	7   	 0.15742978   	 0.32232215   	 0.087762833   	 0.42680   	-0.03372   	 0.45739   	 0.03945
2025-11-13 00:00:00   	60992   	8   	 0.15561140   	 0.31938253   	 0.086341858   	 0.45462   	-0.01323   	 0.51926   	 0.00976
2025-11-14 00:00:00   	60993   	9   	 0.15519694   	 0.31609405   	 0.084487915   	 0.48602   	 0.00461   	 0.56059   	 0.00708
2025-11-15 00:00:00   	60994   	10   	 0.15604597   	 0.31234035   	 0.084396362   	 0.47392   	 0.03228   	 0.58109   	-0.01754
2025-11-12 00:00:00   	60991   	0   	 0.15955605   	 0.31507852   	 0.087633371   	 0.41752   	 0.03505   	 0.45453   	 0.04615
2025-11-13 00:00:00   	60992   	1   	 0.15677647   	 0.31601510   	 0.086969614   	 0.46015   	 0.03140   	 0.48221   	 0.02459
2025-11-14 00:00:00   	60993   	2   	 0.15473453   	 0.31688613   	 0.086014271   	 0.46817   	 0.06253   	 0.50190   	 0.01812
2025-11-15 00:00:00   	60994   	3   	 0.15290368   	 0.31684945   	 0.084711313   	 0.45927   	 0.02724   	 0.55190   	-0.00696
2025-11-16 00:00:00   	60995   	4   	 0.15292530   	 0.31633288   	 0.083731651   	 0.45953   	 0.03771   	 0.57150   	 0.01458
2025-11-17 00:00:00   	60996   	5   	 0.15292522   	 0.31433799   	 0.082479477   	 0.44679   	 0.04831   	 0.54032   	 0.01700
2025-11-18 00:00:00   	60997   	6   	 0.15249019   	 0.31174358   	 0.081689358   	 0.46877   	 0.07501   	 0.53434   	 0.00686
2025-11-19 00:00:00   	60998   	7   	 0.15139705   	 0.30929078   	 0.081031799   	 0.47466   	 0.01811   	 0.52111   	-0.02033
2025-11-20 00:00:00   	60999   	8   	 0.15052410   	 0.30610408   	 0.079475403   	 0.45868   	 0.01742   	 0.47465   	-0.04113
2025-11-21 00:00:00   	61000   	9   	 0.14804306   	 0.30468916   	 0.078639984   	 0.39619   	-0.00699   	 0.45677   	-0.06757
2025-11-22 00:00:00   	61001   	10   	 0.14488194   	 0.30253770   	 0.078811646   	 0.39572   	-0.06775   	 0.42706   	-0.06130
2025-11-19 00:00:00   	60998   	0   	 0.14702039   	 0.31808618   	 0.083480179   	 0.47996   	 0.04332   	 0.51125   	-0.02158
2025-11-20 00:00:00   	60999   	1   	 0.14512340   	 0.32034131   	 0.083236933   	 0.48185   	-0.03268   	 0.45081   	-0.04688
2025-11-21 00:00:00   	61000   	2   	 0.14384807   	 0.32120862   	 0.083129883   	 0.43899   	-0.04579   	 0.41306   	-0.07403
2025-11-22 00:00:00   	61001   	3   	 0.14293928   	 0.31801696   	 0.082639217   	 0.41448   	-0.05502   	 0.41452   	-0.06352
2025-11-23 00:00:00   	61002   	4   	 0.14250227   	 0.31444152   	 0.082991600   	 0.40746   	-0.06402   	 0.42415   	-0.03423
2025-11-24 00:00:00   	61003   	5   	 0.14072345   	 0.30996017   	 0.082983017   	 0.38709   	-0.05450   	 0.42770   	 0.01457
2025-11-25 00:00:00   	61004   	6   	 0.13859931   	 0.30710436   	 0.082829475   	 0.41891   	 0.02754   	 0.45366   	 0.06489
2025-11-26 00:00:00   	61005   	7   	 0.13581058   	 0.30579802   	 0.082931519   	 0.39097   	 0.05528   	 0.47573   	 0.09586
2025-11-27 00:00:00   	61006   	8   	 0.13278008   	 0.30747049   	 0.081663132   	 0.38597   	 0.03063   	 0.44747   	 0.11155
2025-11-28 00:00:00   	61007   	9   	 0.12884874   	 0.31169397   	 0.079994202   	 0.36249   	-0.03912   	 0.44867   	 0.08412
2025-11-29 00:00:00   	61008   	10   	 0.12643771   	 0.31540670   	 0.079647064   	 0.36454   	-0.07546   	 0.42666   	 0.04297
2025-11-26 00:00:00   	61005   	0   	 0.13600091   	 0.31440760   	 0.084119797   	 0.42598   	-0.00025   	 0.46311   	 0.10980
2025-11-27 00:00:00   	61006   	1   	 0.13468918   	 0.31442476   	 0.083713055   	 0.38358   	-0.01366   	 0.45298   	 0.11857
2025-11-28 00:00:00   	61007   	2   	 0.13278086   	 0.31347741   	 0.082870007   	 0.39492   	-0.07151   	 0.46514   	 0.08931
2025-11-29 00:00:00   	61008   	3   	 0.13021310   	 0.31118322   	 0.081609488   	 0.38978   	-0.10516   	 0.42767   	 0.05259
2025-11-30 00:00:00   	61009   	4   	 0.12783215   	 0.30910758   	 0.080582619   	 0.40217   	-0.06095   	 0.43727   	 0.05321
2025-12-01 00:00:00   	61010   	5   	 0.12487568   	 0.30829837   	 0.079203606   	 0.44848   	 0.02872   	 0.43412   	 0.08094
2025-12-02 00:00:00   	61011   	6   	 0.12204476   	 0.30843004   	 0.078519821   	 0.49163   	 0.08994   	 0.42463   	 0.12484
2025-12-03 00:00:00   	61012   	7   	 0.11969695   	 0.30985304   	 0.077526093   	 0.47369   	 0.15409   	 0.40810   	 0.17168
2025-12-04 00:00:00   	61013   	8   	 0.11713753   	 0.31321560   	 0.076292038   	 0.49754   	 0.22100   	 0.42837   	 0.19756
2025-12-05 00:00:00   	61014   	9   	 0.11510477   	 0.31691510   	 0.076034546   	 0.45646   	 0.26526   	 0.43615   	 0.22218
2025-12-06 00:00:00   	61015   	10   	 0.11317018   	 0.31904936   	 0.076198578   	 0.51346   	 0.29982   	 0.41360   	 0.21031
2025-12-03 00:00:00   	61012   	0   	 0.12964748   	 0.31559828   	 0.077947497   	 0.46127   	 0.16982   	 0.41832   	 0.14825
2025-12-04 00:00:00   	61013   	1   	 0.12878538   	 0.31479079   	 0.077351332   	 0.49127   	 0.26819   	 0.39081   	 0.16762
2025-12-05 00:00:00   	61014   	2   	 0.12754202   	 0.31417469   	 0.077056885   	 0.46452   	 0.27536   	 0.37935   	 0.19514
2025-12-06 00:00:00   	61015   	3   	 0.12472510   	 0.31516593   	 0.076519012   	 0.50978   	 0.28002   	 0.39950   	 0.17914
2025-12-07 00:00:00   	61016   	4   	 0.12175316   	 0.31721379   	 0.076555252   	 0.47399   	 0.22447   	 0.38896   	 0.15041
2025-12-08 00:00:00   	61017   	5   	 0.11802028   	 0.31904067   	 0.075640678   	 0.47608   	 0.09790   	 0.37384   	 0.11432
2025-12-09 00:00:00   	61018   	6   	 0.11643779   	 0.32227965   	 0.075453281   	 0.42935   	 0.12016   	 0.38792   	 0.13068
2025-12-10 00:00:00   	61019   	7   	 0.11629129   	 0.32354026   	 0.075254440   	 0.44625   	 0.07129   	 0.43685   	 0.15102
2025-12-11 00:00:00   	61020   	8   	 0.11561117   	 0.32555847   	 0.073465347   	 0.48753   	 0.05385   	 0.44043   	 0.10641
2025-12-12 00:00:00   	61021   	9   	 0.11725415   	 0.32626603   	 0.071365356   	 0.48933   	 0.02143   	 0.48722   	 0.03743
2025-12-13 00:00:00   	61022   	10   	 0.11832403   	 0.32506808   	 0.070880890   	 0.52590   	-0.08167   	 0.52828   	-0.01520
2025-12-10 00:00:00   	61019   	0   	 0.12267396   	 0.31601971   	 0.076961339   	 0.39226   	 0.08005   	 0.40668   	 0.16097
2025-12-11 00:00:00   	61020   	1   	 0.12138914   	 0.31417253   	 0.076327562   	 0.44496   	 0.03521   	 0.41509   	 0.11931
2025-12-12 00:00:00   	61021   	2   	 0.12035689   	 0.31401476   	 0.075475693   	 0.45661   	-0.03117   	 0.45346   	 0.04018
2025-12-13 00:00:00   	61022   	3   	 0.11872039   	 0.31542064   	 0.074420452   	 0.48513   	-0.06475   	 0.50449   	 0.00068
2025-12-14 00:00:00   	61023   	4   	 0.11861564   	 0.31765772   	 0.073614120   	 0.47270   	-0.06557   	 0.50728   	-0.04570
2025-12-15 00:00:00   	61024   	5   	 0.11676561   	 0.31977117   	 0.072738647   	 0.42939   	-0.12328   	 0.48018   	-0.08579
2025-12-16 00:00:00   	61025   	6   	 0.11763567   	 0.32223775   	 0.072474003   	 0.41591   	-0.12973   	 0.43321   	-0.07203
2025-12-17 00:00:00   	61026   	7   	 0.11766748   	 0.32199646   	 0.072439194   	 0.41134   	-0.14845   	 0.40543   	-0.06056
2025-12-18 00:00:00   	61027   	8   	 0.11912017   	 0.32164443   	 0.071559906   	 0.42491   	-0.12172   	 0.42813   	-0.03560
2025-12-19 00:00:00   	61028   	9   	 0.11971813   	 0.31900769   	 0.071060181   	 0.43259   	-0.13924   	 0.48822   	-0.01864
2025-12-20 00:00:00   	61029   	10   	 0.11877693   	 0.31598555   	 0.071468353   	 0.46539   	-0.12159   	 0.53350   	-0.01964
2025-12-17 00:00:00   	61026   	0   	 0.11731869   	 0.31875307   	 0.074822962   	 0.38950   	-0.10355   	 0.41274   	-0.04827
2025-12-18 00:00:00   	61027   	1   	 0.11694067   	 0.31899924   	 0.074976444   	 0.41010   	-0.11307   	 0.41153   	-0.01430
2025-12-19 00:00:00   	61028   	2   	 0.11610608   	 0.31955748   	 0.075216293   	 0.41764   	-0.08027   	 0.42544   	 0.00121
2025-12-20 00:00:00   	61029   	3   	 0.11563407   	 0.31815527   	 0.075117588   	 0.47063   	-0.07952   	 0.49529   	-0.00005
2025-12-21 00:00:00   	61030   	4   	 0.11623023   	 0.31767283   	 0.075585365   	 0.46833   	-0.05415   	 0.53280   	 0.00983
2025-12-22 00:00:00   	61031   	5   	 0.11606663   	 0.31650102   	 0.075666428   	 0.45100   	-0.04312   	 0.50806   	 0.00246
2025-12-23 00:00:00   	61032   	6   	 0.11674322   	 0.31654155   	 0.075531960   	 0.45258   	-0.05186   	 0.49742   	-0.01089
2025-12-24 00:00:00   	61033   	7   	 0.11817285   	 0.31565310   	 0.075775146   	 0.45239   	-0.03221   	 0.51390   	-0.01414
2025-12-25 00:00:00   	61034   	8   	 0.11768081   	 0.31575541   	 0.074583054   	 0.46534   	-0.02486   	 0.52458   	 0.00368
2025-12-26 00:00:00   	61035   	9   	 0.11697563   	 0.31508816   	 0.072631836   	 0.47060   	-0.01304   	 0.53923   	 0.03309
2025-12-27 00:00:00   	61036   	10   	 0.11678806   	 0.31574093   	 0.072299957   	 0.45356   	 0.02854   	 0.54251   	 0.01965
2025-12-24 00:00:00   	61033   	0   	 0.10909693   	 0.32195111   	 0.077525258   	 0.43979   	-0.03807   	 0.52755   	-0.00132
2025-12-25 00:00:00   	61034   	1   	 0.10821535   	 0.32244153   	 0.077240944   	 0.44108   	-0.02322   	 0.51564   	 0.00250
2025-12-26 00:00:00   	61035   	2   	 0.10813875   	 0.32258940   	 0.076539516   	 0.46098   	-0.01487   	 0.49173   	 0.03501
2025-12-27 00:00:00   	61036   	3   	 0.10820657   	 0.32108598   	 0.075416803   	 0.48896   	 0.04461   	 0.52119   	 0.03923
2025-12-28 00:00:00   	61037   	4   	 0.10909496   	 0.32122989   	 0.074586868   	 0.50626   	 0.03790   	 0.54990   	 0.02592
2025-12-29 00:00:00   	61038   	5   	 0.11045060   	 0.32041354   	 0.073588371   	 0.51529   	 0.00930   	 0.53689   	 0.01499
2025-12-30 00:00:00   	61039   	6   	 0.11008972   	 0.32136360   	 0.073133945   	 0.53057   	 0.03198   	 0.54224   	 0.03064
2025-12-31 00:00:00   	61040   	7   	 0.10765065   	 0.32205583   	 0.072555542   	 0.51124   	 0.03303   	 0.53853   	 0.05192
2026-01-01 00:00:00   	61041   	8   	 0.10363150   	 0.32324753   	 0.071886063   	 0.47627   	 0.05725   	 0.46499   	 0.08254
2026-01-02 00:00:00   	61042   	9   	 0.10043054   	 0.32581141   	 0.071743011   	 0.44864   	 0.11218   	 0.43757   	 0.10878
2026-01-03 00:00:00   	61043   	10   	 0.09780669   	 0.32718629   	 0.072219849   	 0.39274   	 0.09941   	 0.40649   	 0.13041
2025-12-31 00:00:00   	61040   	0   	 0.11017800   	 0.32915632   	 0.074224114   	 0.51486   	 0.04101   	 0.53849   	 0.05163
2026-01-01 00:00:00   	61041   	1   	 0.10982993   	 0.32913431   	 0.074210167   	 0.50281   	 0.07492   	 0.47508   	 0.07863
2026-01-02 00:00:00   	61042   	2   	 0.10755403   	 0.32905523   	 0.074464798   	 0.46130   	 0.10768   	 0.39926   	 0.11079
2026-01-03 00:00:00   	61043   	3   	 0.10545530   	 0.32843732   	 0.074311733   	 0.40484   	 0.08533   	 0.40072   	 0.13920
2026-01-04 00:00:00   	61044   	4   	 0.10371653   	 0.32908515   	 0.074720383   	 0.37821   	 0.07715   	 0.42410   	 0.12975
2026-01-05 00:00:00   	61045   	5   	 0.10301880   	 0.32959840   	 0.074071884   	 0.43860   	 0.02970   	 0.43625   	 0.09286
2026-01-06 00:00:00   	61046   	6   	 0.09966095   	 0.33131826   	 0.074154377   	 0.41762   	-0.01663   	 0.47806   	 0.07914
2026-01-07 00:00:00   	61047   	7   	 0.09867476   	 0.33318567   	 0.074338913   	 0.46062   	-0.00578   	 0.51931   	 0.08215
2026-01-08 00:00:00   	61048   	8   	 0.09809240   	 0.33565462   	 0.072904587   	 0.46276   	 0.02152   	 0.48830   	 0.09041
2026-01-09 00:00:00   	61049   	9   	 0.09767993   	 0.33880683   	 0.071144104   	 0.41293   	 0.08510   	 0.49701   	 0.08635
2026-01-10 00:00:00   	61050   	10   	 0.09860787   	 0.34151013   	 0.071289062   	 0.43192   	 0.07705   	 0.51065   	 0.07238
2026-01-07 00:00:00   	61047   	0   	 0.10463803   	 0.33749669   	 0.073389351   	 0.42282   	-0.01311   	 0.48821   	 0.08264
2026-01-08 00:00:00   	61048   	1   	 0.10606585   	 0.33836288   	 0.072684765   	 0.42549   	 0.04718   	 0.46995   	 0.09080
2026-01-09 00:00:00   	61049   	2   	 0.10520901   	 0.33927610   	 0.071907997   	 0.41066   	 0.08671   	 0.43040   	 0.08014
2026-01-10 00:00:00   	61050   	3   	 0.10245170   	 0.34027619   	 0.070879459   	 0.40862   	 0.06403   	 0.47603   	 0.06569
2026-01-11 00:00:00   	61051   	4   	 0.10003817   	 0.34119101   	 0.070332527   	 0.41292   	 0.08173   	 0.52579   	 0.06174
2026-01-12 00:00:00   	61052   	5   	 0.09690131   	 0.34259360   	 0.069482803   	 0.48892   	-0.00075   	 0.54608   	 0.00691
2026-01-13 00:00:00   	61053   	6   	 0.09361613   	 0.34482884   	 0.069489956   	 0.50034   	-0.05847   	 0.58710   	-0.02520
2026-01-14 00:00:00   	61054   	7   	 0.09654788   	 0.34693537   	 0.069635391   	 0.51292   	-0.12045   	 0.62583   	-0.03031
2026-01-15 00:00:00   	61055   	8   	 0.09708518   	 0.34928098   	 0.068943024   	 0.50803   	-0.13197   	 0.56762   	-0.03447
2026-01-16 00:00:00   	61056   	9   	 0.10051545   	 0.35235873   	 0.068267822   	 0.42530   	-0.11222   	 0.52179   	-0.03394
2026-01-17 00:00:00   	61057   	10   	 0.10319860   	 0.35467049   	 0.069000244   	 0.34425   	-0.09132   	 0.45243   	 0.05210
2026-01-14 00:00:00   	61054   	0   	 0.09850333   	 0.33983865   	 0.071689844   	 0.48571   	-0.06966   	 0.60040   	-0.03057
2026-01-15 00:00:00   	61055   	1   	 0.09629931   	 0.33888140   	 0.072086334   	 0.49605   	-0.08914   	 0.53402   	-0.04014
2026-01-16 00:00:00   	61056   	2   	 0.09628169   	 0.33945862   	 0.072582245   	 0.42870   	-0.06823   	 0.46634   	-0.03718
2026-01-17 00:00:00   	61057   	3   	 0.09571599   	 0.34316532   	 0.072638035   	 0.33184   	-0.00122   	 0.44119   	 0.04958
2026-01-18 00:00:00   	61058   	4   	 0.09806663   	 0.34758418   	 0.073341370   	 0.26525   	 0.01184   	 0.38902   	 0.08859
2026-01-19 00:00:00   	61059   	5   	 0.10070169   	 0.35149166   	 0.073332787   	 0.19286   	 0.05361   	 0.30794   	 0.14935
2026-01-20 00:00:00   	61060   	6   	 0.10036568   	 0.35454945   	 0.073345661   	 0.15069   	 0.08512   	 0.27435   	 0.19300
2026-01-21 00:00:00   	61061   	7   	 0.10505907   	 0.35598048   	 0.073768616   	 0.13626   	 0.13863   	 0.29122   	 0.21831
2026-01-22 00:00:00   	61062   	8   	 0.10477929   	 0.35421934   	 0.072406769   	 0.20348   	 0.12664   	 0.31713   	 0.21423
2026-01-23 00:00:00   	61063   	9   	 0.10221007   	 0.35073580   	 0.070610046   	 0.24529   	 0.04906   	 0.39814   	 0.14860
2026-01-24 00:00:00   	61064   	10   	 0.10081418   	 0.34738517   	 0.070728302   	 0.36831   	 0.02226   	 0.47622   	 0.10470
2026-01-21 00:00:00   	61061   	0   	 0.09059157   	 0.34555896   	 0.074171185   	 0.21960   	 0.08852   	 0.30410   	 0.20592
2026-01-22 00:00:00   	61062   	1   	 0.08826606   	 0.34689010   	 0.073790550   	 0.14556   	 0.13483   	 0.32023   	 0.19889
2026-01-23 00:00:00   	61063   	2   	 0.08856348   	 0.34787228   	 0.073069572   	 0.21834   	 0.05794   	 0.35975   	 0.13768
2026-01-24 00:00:00   	61064   	3   	 0.08840620   	 0.34889441   	 0.071978092   	 0.38099   	 0.02873   	 0.46438   	 0.09731
2026-01-25 00:00:00   	61065   	4   	 0.09001612   	 0.34893227   	 0.071381569   	 0.47531   	-0.02848   	 0.52920   	 0.06219
2026-01-26 00:00:00   	61066   	5   	 0.08939201   	 0.34802975   	 0.070724487   	 0.49024   	-0.03983   	 0.50146   	 0.02428
2026-01-27 00:00:00   	61067   	6   	 0.08870988   	 0.34734260   	 0.070429802   	 0.46789   	-0.09128   	 0.49287   	 0.01169
2026-01-28 00:00:00   	61068   	7   	 0.08783953   	 0.34489761   	 0.070058823   	 0.41992   	-0.10577   	 0.49672   	 0.01157
2026-01-29 00:00:00   	61069   	8   	 0.08406617   	 0.34289112   	 0.069517136   	 0.35869   	-0.08464   	 0.46224   	 0.01700
2026-01-30 00:00:00   	61070   	9   	 0.08064358   	 0.34154249   	 0.069271088   	 0.33634   	-0.03032   	 0.44537   	 0.02855
2026-01-31 00:00:00   	61071   	10   	 0.07687379   	 0.34030089   	 0.069671631   	 0.31635   	-0.08411   	 0.41737   	 0.00662
